291 2941
20160104 105062 1 104797 0
20160104 103285 1 105583 0
20160104 106071 1 103917 0
20160104 104471 1 117352 0
20160104 106298 1 106415 0
20160104 105676 1 105064 0
20160104 106233 1 105902 0
20160104 106045 1 105441 0
20160104 111202 1 105032 0
20160104 105777 1 104468 0
20160104 104678 1 105449 0
20160104 104735 1 106093 0
20160104 105453 1 105062 0
20160104 106071 1 103285 0
20160104 105683 1 104471 0
20160104 106298 1 105676 0
20160104 106233 1 106045 0
20160104 105227 1 111202 0
20160104 105777 1 104678 0
20160104 103819 1 104735 0
20160104 106071 1 105453 0
20160104 105683 1 106298 0
20160104 106233 1 105227 0
20160104 103819 1 105777 0
20160104 105683 1 106071 0
20160104 103819 1 106233 0
20160104 105683 1 103819 0
20160104 106368 1 104593 0
20160104 104563 1 105526 0
20160104 105379 1 105577 0
20160104 105357 1 105539 0
20160104 105572 1 104330 0
20160104 106432 1 104719 0
20160104 104180 1 111575 0
20160104 105341 1 106075 0
20160104 104586 1 105053 0
20160104 104198 1 106121 0
20160104 105302 1 104597 0
20160104 126094 1 104500 0
20160104 106368 1 104628 0
20160104 105379 1 104563 0
20160104 105138 1 105357 0
20160104 106432 1 105572 0
20160104 105341 1 104180 0
20160104 105332 1 104586 0
20160104 104198 1 105302 0
20160104 104527 1 126094 0
20160104 105379 1 106368 0
20160104 106432 1 105138 0
20160104 105332 1 105341 0
20160104 104527 1 104198 0
20160104 106432 1 105379 0
20160104 104527 1 105332 0
20160104 104527 1 106432 0
20160104 104745 1 105807 0
20160104 104898 1 106234 0
20160104 105723 1 104947 0
20160104 105575 1 104312 0
20160104 105011 1 103970 0
20160104 104559 1 104620 0
20160104 103908 1 105077 0
20160104 104871 1 122570 0
20160104 103926 1 103852 0
20160104 106378 1 105373 0
20160104 106000 1 106065 0
20160104 104607 1 104660 0
20160104 104919 1 103794 0
20160104 104665 1 103893 0
20160104 104269 1 104291 0
20160104 104925 1 104460 0
20160104 104745 1 104898 0
20160104 105723 1 105575 0
20160104 105011 1 104559 0
20160104 104871 1 103908 0
20160104 106378 1 103926 0
20160104 104607 1 106000 0
20160104 104919 1 104665 0
20160104 104925 1 104269 0
20160104 104745 1 105723 0
20160104 105011 1 104871 0
20160104 104607 1 106378 0
20160104 104925 1 104919 0
20160104 104745 1 105011 0
20160104 104925 1 104607 0
20160104 104925 1 104745 0
20160111 104259 1 103794 0
20160111 105217 1 105077 0
20160111 104926 1 105311 0
20160111 105023 1 105379 0
20160111 105385 1 110686 0
20160111 105138 1 106210 0
20160111 105577 1 103333 0
20160111 106058 1 103607 0
20160111 104898 1 104665 0
20160111 105332 1 105030 0
20160111 104586 1 104198 0
20160111 105881 1 105449 0
20160111 104542 1 104259 0
20160111 104926 1 105217 0
20160111 104545 1 105023 0
20160111 105138 1 105385 0
20160111 106058 1 105577 0
20160111 104731 1 104898 0
20160111 104586 1 105332 0
20160111 103970 1 105881 0
20160111 104542 1 104926 0
20160111 105138 1 104545 0
20160111 106058 1 104731 0
20160111 103970 1 104586 0
20160111 105138 1 104542 0
20160111 106058 1 103970 0
20160111 105138 1 106058 0
20160111 104180 1 106432 0
20160111 105902 1 105438 0
20160111 104871 1 105062 0
20160111 104655 1 109739 0
20160111 105512 1 104620 0
20160111 105238 1 105064 0
20160111 104312 1 104797 0
20160111 103917 1 105173 0
20160111 103990 1 105357 0
20160111 104559 1 104919 0
20160111 105643 1 105032 0
20160111 111442 1 105373 0
20160111 104180 1 106233 0
20160111 104871 1 105902 0
20160111 105777 1 104655 0
20160111 105238 1 105512 0
20160111 103917 1 104312 0
20160111 104678 1 103990 0
20160111 104559 1 105643 0
20160111 106071 1 111442 0
20160111 104180 1 104871 0
20160111 105777 1 105238 0
20160111 104678 1 103917 0
20160111 104559 1 106071 0
20160111 105777 1 104180 0
20160111 104678 1 104559 0
20160111 104678 1 105777 0
20160118 104925 1 111202 0
20160118 111460 1 104471 0
20160118 106045 1 105936 0
20160118 104312 1 104559 0
20160118 105643 1 103333 0
20160118 105952 1 106210 0
20160118 105539 1 105438 0
20160118 104468 1 105577 0
20160118 104542 1 104571 0
20160118 117357 1 105011 0
20160118 105732 1 104665 0
20160118 111511 1 105332 0
20160118 104198 1 103908 0
20160118 104978 1 103607 0
20160118 105572 1 105842 0
20160118 105453 1 104259 0
20160118 103819 1 105932 0
20160118 105238 1 105575 0
20160118 105477 1 106075 0
20160118 105777 1 103893 0
20160118 106233 1 104919 0
20160118 104597 1 103898 0
20160118 106000 1 106378 0
20160118 105676 1 104660 0
20160118 105227 1 105217 0
20160118 105077 1 106432 0
20160118 105583 1 105023 0
20160118 105138 1 105373 0
20160118 106401 1 105807 0
20160118 104655 1 106415 0
20160118 105806 1 104898 0
20160118 104607 1 106026 0
20160118 104269 1 104745 0
20160118 104534 1 103794 0
20160118 105723 1 105992 0
20160118 104871 1 105208 0
20160118 104792 1 105216 0
20160118 103917 1 106065 0
20160118 103565 1 106216 0
20160118 104330 1 104731 0
20160118 105683 1 106298 0
20160118 103990 1 104291 0
20160118 105065 1 104593 0
20160118 104678 1 103926 0
20160118 106058 1 126203 0
20160118 104586 1 106121 0
20160118 103285 1 105147 0
20160118 104527 1 104098 0
20160118 103970 1 105376 0
20160118 103720 1 105902 0
20160118 105064 1 111442 0
20160118 105449 1 105379 0
20160118 103852 1 105554 0
20160118 105550 1 104327 0
20160118 104719 1 105051 0
20160118 104545 1 105668 0
20160118 106071 1 104797 0
20160118 104620 1 104548 0
20160118 105357 1 106043 0
20160118 104180 1 104926 0
20160118 105311 1 105062 0
20160118 105053 1 105385 0
20160118 105032 1 105173 0
20160118 104918 1 100644 0
20160118 104925 1 111460 0
20160118 104312 1 106045 0
20160118 105643 1 105952 0
20160118 104468 1 105539 0
20160118 104542 1 117357 0
20160118 105732 1 111511 0
20160118 104198 1 104978 0
20160118 105453 1 105572 0
20160118 103819 1 105238 0
20160118 105777 1 105477 0
20160118 106233 1 104597 0
20160118 105676 1 106000 0
20160118 105227 1 105077 0
20160118 105138 1 105583 0
20160118 106401 1 104655 0
20160118 104607 1 105806 0
20160118 104534 1 104269 0
20160118 105723 1 104871 0
20160118 104792 1 103917 0
20160118 103565 1 104330 0
20160118 105683 1 103990 0
20160118 104678 1 105065 0
20160118 104586 1 106058 0
20160118 104527 1 103285 0
20160118 103970 1 103720 0
20160118 105449 1 105064 0
20160118 103852 1 105550 0
20160118 104545 1 104719 0
20160118 106071 1 104620 0
20160118 105357 1 104180 0
20160118 105311 1 105053 0
20160118 104918 1 105032 0
20160118 104925 1 104312 0
20160118 104468 1 105643 0
20160118 104542 1 105732 0
20160118 105453 1 104198 0
20160118 103819 1 105777 0
20160118 105676 1 106233 0
20160118 105138 1 105227 0
20160118 104607 1 106401 0
20160118 105723 1 104534 0
20160118 104792 1 103565 0
20160118 105683 1 104678 0
20160118 104527 1 104586 0
20160118 103970 1 105449 0
20160118 104545 1 103852 0
20160118 106071 1 105357 0
20160118 104918 1 105311 0
20160118 104925 1 104468 0
20160118 105453 1 104542 0
20160118 103819 1 105676 0
20160118 104607 1 105138 0
20160118 104792 1 105723 0
20160118 105683 1 104527 0
20160118 103970 1 104545 0
20160118 104918 1 106071 0
20160118 104925 1 105453 0
20160118 103819 1 104607 0
20160118 105683 1 104792 0
20160118 104918 1 103970 0
20160118 104925 1 103819 0
20160118 104918 1 105683 0
20160118 104925 1 104918 0
20160201 100644 1 104563 0
20160201 104932 1 105932 0
20160201 103582 1 106432 0
20160201 103908 1 111200 0
20160201 105357 1 103898 0
20160201 104273 1 104792 0
20160201 105074 1 105311 0
20160201 105526 1 103917 0
20160201 104460 1 104327 0
20160201 104571 1 105041 0
20160201 106121 1 104797 0
20160201 105208 1 111460 0
20160201 100644 1 105227 0
20160201 103582 1 104932 0
20160201 103908 1 105332 0
20160201 105357 1 104273 0
20160201 105074 1 105526 0
20160201 104460 1 104468 0
20160201 104571 1 106121 0
20160201 104755 1 105208 0
20160201 100644 1 103582 0
20160201 103908 1 105357 0
20160201 104460 1 105074 0
20160201 104755 1 104571 0
20160201 103908 1 100644 0
20160201 104755 1 104460 0
20160201 104755 1 103908 0
20160201 105154 1 106032 0
20160201 104330 1 104547 0
20160201 105077 1 105583 0
20160201 105952 1 105292 0
20160201 105413 1 104719 0
20160201 103607 1 105550 0
20160201 105807 1 104297 0
20160201 105438 1 105137 0
20160201 103656 1 106075 0
20160201 103893 1 105271 0
20160201 104268 1 104117 0
20160201 106148 1 105572 0
20160201 103852 1 105154 0
20160201 105077 1 104330 0
20160201 105952 1 104269 0
20160201 103607 1 105413 0
20160201 105807 1 105438 0
20160201 105064 1 103656 0
20160201 103893 1 104268 0
20160201 106071 1 106148 0
20160201 105077 1 103852 0
20160201 103607 1 105952 0
20160201 105064 1 105807 0
20160201 103893 1 106071 0
20160201 103607 1 105077 0
20160201 105064 1 103893 0
20160201 103607 1 105064 0
20160201 104978 1 105341 0
20160201 106000 1 106210 0
20160201 104259 1 104660 0
20160201 105217 1 105051 0
20160201 104586 1 104898 0
20160201 105373 1 105586 0
20160201 104180 1 104291 0
20160201 105575 1 106220 0
20160201 105806 1 106026 0
20160201 105173 1 105539 0
20160201 105657 1 111202 0
20160201 105936 1 104947 0
20160201 104678 1 104978 0
20160201 104259 1 106000 0
20160201 104312 1 105217 0
20160201 105373 1 104586 0
20160201 104180 1 105575 0
20160201 104198 1 105806 0
20160201 105173 1 105657 0
20160201 105138 1 105936 0
20160201 104678 1 104259 0
20160201 105373 1 104312 0
20160201 104180 1 104198 0
20160201 105138 1 105173 0
20160201 104678 1 105373 0
20160201 105138 1 104180 0
20160201 105138 1 104678 0
20160208 105952 1 105487 0
20160208 105053 1 105438 0
20160208 104655 1 105077 0
20160208 104919 1 105550 0
20160208 104597 1 103656 0
20160208 105643 1 104926 0
20160208 106233 1 105807 0
20160208 105671 1 103926 0
20160208 105583 1 106032 0
20160208 106043 1 105238 0
20160208 103893 1 104665 0
20160208 104338 1 106065 0
20160208 103970 1 105952 0
20160208 104655 1 105053 0
20160208 104542 1 104919 0
20160208 104597 1 105643 0
20160208 106233 1 105671 0
20160208 105583 1 104545 0
20160208 103893 1 106043 0
20160208 104745 1 104338 0
20160208 103970 1 104655 0
20160208 104597 1 104542 0
20160208 106233 1 105583 0
20160208 104745 1 103893 0
20160208 104597 1 103970 0
20160208 106233 1 104745 0
20160208 106233 1 104597 0
20160208 126203 1 111581 0
20160208 103794 1 126205 0
20160208 105357 1 105572 0
20160208 104719 1 104291 0
20160208 105575 1 104534 0
20160208 106000 1 105065 0
20160208 105011 1 105032 0
20160208 106415 1 111577 0
20160208 105967 1 105051 0
20160208 106045 1 104330 0
20160208 105062 1 104563 0
20160208 105992 1 126207 0
20160208 126203 1 105449 0
20160208 103794 1 105357 0
20160208 105385 1 104719 0
20160208 105575 1 106000 0
20160208 106415 1 105011 0
20160208 105023 1 105967 0
20160208 105062 1 106045 0
20160208 105453 1 105992 0
20160208 126203 1 103794 0
20160208 105575 1 105385 0
20160208 105023 1 106415 0
20160208 105453 1 105062 0
20160208 126203 1 105575 0
20160208 105453 1 105023 0
20160208 105453 1 126203 0
20160208 105227 1 104797 0
20160208 104180 1 104312 0
20160208 104259 1 103898 0
20160208 104471 1 105332 0
20160208 104468 1 104898 0
20160208 100644 1 105577 0
20160208 106432 1 105217 0
20160208 104792 1 105208 0
20160208 105138 1 105311 0
20160208 106210 1 104586 0
20160208 105373 1 103990 0
20160208 104571 1 105676 0
20160208 104678 1 105723 0
20160208 111202 1 104198 0
20160208 103917 1 104559 0
20160208 104871 1 105539 0
20160208 105227 1 104180 0
20160208 104259 1 104471 0
20160208 100644 1 104468 0
20160208 104792 1 106432 0
20160208 105138 1 106210 0
20160208 105373 1 104571 0
20160208 104678 1 111202 0
20160208 103917 1 104871 0
20160208 104259 1 105227 0
20160208 104792 1 100644 0
20160208 105373 1 105138 0
20160208 103917 1 104678 0
20160208 104792 1 104259 0
20160208 105373 1 103917 0
20160208 105373 1 104792 0
20160215 104330 1 106071 0
20160215 105011 1 104719 0
20160215 103794 1 105430 0
20160215 105449 1 105357 0
20160215 105777 1 104534 0
20160215 106000 1 105575 0
20160215 105147 1 106261 0
20160215 105173 1 104291 0
20160215 104871 1 105051 0
20160215 111511 1 105032 0
20160215 105223 1 106045 0
20160215 105441 1 103333 0
20160215 105385 1 105062 0
20160215 105065 1 126203 0
20160215 105023 1 105217 0
20160215 105572 1 104731 0
20160215 104330 1 105011 0
20160215 103794 1 105449 0
20160215 105777 1 106000 0
20160215 105173 1 105147 0
20160215 104871 1 111511 0
20160215 105223 1 105441 0
20160215 105065 1 105385 0
20160215 105023 1 105572 0
20160215 104330 1 103794 0
20160215 105777 1 105173 0
20160215 105223 1 104871 0
20160215 105023 1 105065 0
20160215 104330 1 105777 0
20160215 105023 1 105223 0
20160215 105023 1 104330 0
20160215 100644 1 103898 0
20160215 104999 1 106368 0
20160215 105676 1 111202 0
20160215 105208 1 104932 0
20160215 106401 1 105577 0
20160215 104559 1 104468 0
20160215 111460 1 104095 0
20160215 105723 1 106298 0
20160215 104898 1 105311 0
20160215 105332 1 104620 0
20160215 104672 1 103917 0
20160215 104660 1 103852 0
20160215 104607 1 100644 0
20160215 105676 1 104999 0
20160215 104755 1 105208 0
20160215 106401 1 104559 0
20160215 105723 1 111460 0
20160215 105227 1 104898 0
20160215 105332 1 104672 0
20160215 104527 1 104660 0
20160215 104607 1 105676 0
20160215 106401 1 104755 0
20160215 105227 1 105723 0
20160215 105332 1 104527 0
20160215 106401 1 104607 0
20160215 105227 1 105332 0
20160215 106401 1 105227 0
20160215 103970 1 111797 0
20160215 105077 1 105583 0
20160215 106043 1 105154 0
20160215 106233 1 104665 0
20160215 105550 1 104545 0
20160215 105053 1 105671 0
20160215 104593 1 104338 0
20160215 104926 1 105379 0
20160215 105643 1 106058 0
20160215 103893 1 106065 0
20160215 104655 1 105487 0
20160215 106329 1 104542 0
20160215 105238 1 105064 0
20160215 105438 1 106121 0
20160215 104597 1 103926 0
20160215 104745 1 105807 0
20160215 103970 1 105077 0
20160215 106233 1 106043 0
20160215 105550 1 105053 0
20160215 104593 1 104926 0
20160215 105643 1 103893 0
20160215 104655 1 106329 0
20160215 105238 1 105438 0
20160215 104745 1 104597 0
20160215 106233 1 103970 0
20160215 105550 1 104593 0
20160215 104655 1 105643 0
20160215 104745 1 105238 0
20160215 105550 1 106233 0
20160215 104655 1 104745 0
20160215 104655 1 105550 0
20160222 105453 1 105217 0
20160222 105023 1 104534 0
20160222 103607 1 106412 0
20160222 126203 1 104871 0
20160222 106233 1 106000 0
20160222 104098 1 105032 0
20160222 105385 1 104180 0
20160222 105777 1 106045 0
20160222 106071 1 104330 0
20160222 105173 1 105853 0
20160222 105011 1 126205 0
20160222 105992 1 105227 0
20160222 105379 1 103333 0
20160222 104898 1 106250 0
20160222 105238 1 105449 0
20160222 103970 1 105357 0
20160222 105023 1 105453 0
20160222 126203 1 103607 0
20160222 106233 1 104098 0
20160222 105777 1 105385 0
20160222 106071 1 105173 0
20160222 105011 1 105992 0
20160222 104898 1 105379 0
20160222 105238 1 103970 0
20160222 105023 1 126203 0
20160222 106233 1 105777 0
20160222 106071 1 105011 0
20160222 105238 1 104898 0
20160222 106233 1 105023 0
20160222 106071 1 105238 0
20160222 106233 1 106071 0
20160222 104527 1 104660 0
20160222 105015 1 104559 0
20160222 106432 1 106210 0
20160222 104259 1 104947 0
20160222 104607 1 105311 0
20160222 105341 1 104919 0
20160222 105062 1 104797 0
20160222 106401 1 105373 0
20160222 104571 1 104678 0
20160222 105577 1 106298 0
20160222 111202 1 104312 0
20160222 105138 1 104620 0
20160222 103852 1 104198 0
20160222 104586 1 106026 0
20160222 104291 1 104022 0
20160222 104925 1 103990 0
20160222 104527 1 105015 0
20160222 104259 1 106432 0
20160222 104607 1 105341 0
20160222 106401 1 105062 0
20160222 104571 1 105577 0
20160222 105138 1 111202 0
20160222 103852 1 104586 0
20160222 104925 1 104291 0
20160222 104527 1 104259 0
20160222 106401 1 104607 0
20160222 104571 1 105138 0
20160222 103852 1 104925 0
20160222 104527 1 106401 0
20160222 104571 1 103852 0
20160222 104527 1 104571 0
20160222 106148 1 106121 0
20160222 104593 1 106105 0
20160222 105807 1 105077 0
20160222 106043 1 104547 0
20160222 105438 1 104719 0
20160222 105641 1 103893 0
20160222 106329 1 104597 0
20160222 103926 1 104216 0
20160222 105487 1 103908 0
20160222 105671 1 104665 0
20160222 105053 1 106065 0
20160222 105583 1 104563 0
20160222 106148 1 105064 0
20160222 105807 1 104593 0
20160222 105643 1 106043 0
20160222 105438 1 105641 0
20160222 106329 1 103926 0
20160222 104655 1 105487 0
20160222 105671 1 105053 0
20160222 105583 1 105332 0
20160222 105807 1 106148 0
20160222 105438 1 105643 0
20160222 104655 1 106329 0
20160222 105583 1 105671 0
20160222 105807 1 105438 0
20160222 104655 1 105583 0
20160222 104655 1 105807 0
20160304 105877 1 200618 0
20160304 105111 1 105985 0
20160304 105877 1 108786 0
20160304 105111 1 200618 0
20160304 105070 1 144773 0
20160304 106174 1 105497 0
20160304 106426 1 136704 0
20160304 106174 1 144773 0
20160304 105954 1 104534 0
20160304 105916 1 104804 0
20160304 122548 1 121896 0
20160304 104804 1 105954 0
20160304 111805 1 104907 0
20160304 111202 1 105030 0
20160304 111202 1 104907 0
20160304 105585 1 103499 0
20160304 105842 1 108982 0
20160304 105842 1 108782 0
20160304 105585 1 108982 0
20160304 105311 1 105589 0
20160304 106233 1 105671 0
20160304 106233 1 105311 0
20160304 110602 1 105155 0
20160304 105657 1 105641 0
20160304 104494 1 104813 0
20160304 105641 1 104494 0
20160304 105657 1 105630 0
20160304 105723 1 106035 0
20160304 104559 1 125803 0
20160304 104559 1 106035 0
20160304 104505 1 125803 0
20160304 105806 1 108705 0
20160304 104291 1 105493 0
20160304 105806 1 104291 0
20160304 117356 1 106220 0
20160304 104947 1 200247 0
20160304 104947 1 106220 0
20160304 200247 1 123795 0
20160304 106078 1 105747 0
20160304 125802 1 105633 0
20160304 106078 1 105633 0
20160304 144841 1 105932 0
20160304 104233 1 106106 0
20160304 144813 1 123773 0
20160304 144841 1 134854 0
20160304 126340 1 105827 0
20160304 105575 1 134770 0
20160304 105575 1 126340 0
20160304 134770 1 108748 0
20160304 106412 1 108739 0
20160304 120798 1 105499 0
20160304 105499 1 106412 0
20160304 108739 1 120798 0
20160304 106342 1 106033 0
20160304 108761 1 104112 0
20160304 200031 1 144854 0
20160304 104112 1 106342 0
20160304 106175 1 200621 0
20160304 105334 1 137018 0
20160304 106175 1 122082 0
20160304 144799 1 200622 0
20160304 106150 1 200525 0
20160304 104604 1 103600 0
20160304 106150 1 121366 0
20160304 108717 1 108985 0
20160304 200619 1 108763 0
20160304 105656 1 200274 0
20160304 105656 1 200619 0
20160304 200620 1 144771 0
20160304 120401 1 200270 0
20160304 144750 1 111167 0
20160304 120401 1 134507 0
20160304 144750 1 200270 0
20160304 104631 1 200080 0
20160304 111181 1 134886 0
20160304 134886 1 200080 0
20160304 111181 1 104631 0
20160304 108741 1 105490 0
20160304 105946 1 111186 0
20160304 105946 1 108741 0
20160304 105490 1 144896 0
20160304 106410 1 105899 0
20160304 105273 1 124063 0
20160304 105899 1 105273 0
20160304 122669 1 127570 0
20160304 105464 1 123969 0
20160304 122533 1 105177 0
20160304 105464 1 122533 0
20160304 106392 1 105177 0
20160304 103813 1 144747 0
20160304 105349 1 105626 0
20160304 105626 1 144814 0
20160304 105349 1 144747 0
20160304 105550 1 104308 0
20160304 104919 1 128034 0
20160304 104919 1 104308 0
20160304 128034 1 105952 0
20160304 104792 1 104433 0
20160304 104468 1 105577 0
20160304 104755 1 105229 0
20160304 104542 1 104433 0
20160304 105227 1 106293 0
20160304 105676 1 106432 0
20160304 105676 1 105227 0
20160304 106432 1 106293 0
20160304 104918 1 106121 0
20160304 105453 1 105554 0
20160304 104918 1 105453 0
20160304 104259 1 104586 0
20160304 104607 1 100644 0
20160304 104259 1 104607 0
20160304 104586 1 100644 0
20160304 104925 1 104873 0
20160304 105062 1 104678 0
20160304 104925 1 105062 0
20160304 104678 1 104873 0
20160304 103893 1 103843 0
20160304 104312 1 105967 0
20160304 106065 1 104847 0
20160304 103893 1 134472 0
20160304 104545 1 105032 0
20160304 106071 1 106058 0
20160304 104545 1 106071 0
20160307 104719 1 106000 0
20160307 105643 1 105053 0
20160307 105077 1 111202 0
20160307 105807 1 105539 0
20160307 105438 1 104597 0
20160307 104330 1 111511 0
20160307 106432 1 106298 0
20160307 105223 1 105065 0
20160307 105011 1 104098 0
20160307 105723 1 105477 0
20160307 105550 1 106378 0
20160307 126207 1 126203 0
20160307 105992 1 105583 0
20160307 104919 1 105032 0
20160307 104898 1 106043 0
20160307 103917 1 105952 0
20160307 105062 1 103926 0
20160307 105357 1 105512 0
20160307 105173 1 104586 0
20160307 104312 1 105385 0
20160307 105577 1 111577 0
20160307 100644 1 104471 0
20160307 104269 1 105166 0
20160307 104180 1 103607 0
20160307 104672 1 111456 0
20160307 105217 1 106210 0
20160307 103582 1 104338 0
20160307 106075 1 105732 0
20160307 104022 1 105379 0
20160307 104198 1 105208 0
20160307 106045 1 104797 0
20160307 106216 1 104559 0
20160307 104918 1 104719 0
20160307 105643 1 105311 0
20160307 105077 1 106401 0
20160307 104792 1 105807 0
20160307 105683 1 105438 0
20160307 106071 1 104330 0
20160307 106432 1 105064 0
20160307 104607 1 105223 0
20160307 104527 1 105011 0
20160307 105723 1 104871 0
20160307 105550 1 104655 0
20160307 105676 1 126207 0
20160307 105227 1 105992 0
20160307 104919 1 104678 0
20160307 105238 1 104898 0
20160307 104755 1 103917 0
20160307 105453 1 105062 0
20160307 105449 1 105357 0
20160307 105173 1 105332 0
20160307 104545 1 104312 0
20160307 104468 1 105577 0
20160307 100644 1 105777 0
20160307 104269 1 105373 0
20160307 104745 1 104180 0
20160307 104542 1 104672 0
20160307 105023 1 105217 0
20160307 106058 1 103582 0
20160307 106233 1 106075 0
20160307 105138 1 104022 0
20160307 103852 1 104198 0
20160307 104259 1 106045 0
20160307 104925 1 106216 0
20160307 104527 1 105723 0
20160307 105676 1 105550 0
20160307 105227 1 104919 0
20160307 104755 1 105238 0
20160307 105453 1 105449 0
20160307 104545 1 105173 0
20160307 100644 1 104468 0
20160307 104745 1 104269 0
20160307 104542 1 105023 0
20160307 106233 1 106058 0
20160307 103852 1 105138 0
20160307 104925 1 104259 0
20160307 104792 1 105077 0
20160307 105683 1 106071 0
20160307 104607 1 106432 0
20160307 105643 1 104918 0
20160307 104792 1 105643 0
20160307 105227 1 104755 0
20160307 104542 1 106233 0
20160307 105683 1 104607 0
20160307 105453 1 104545 0
20160307 104745 1 100644 0
20160307 105676 1 104527 0
20160307 104925 1 103852 0
20160307 105683 1 104792 0
20160307 105676 1 105227 0
20160307 104745 1 105453 0
20160307 104925 1 104542 0
20160307 105683 1 105676 0
20160307 104925 1 104745 0
20160307 104925 1 105683 0
20160321 104797 1 106432 0
20160321 105643 1 111200 0
20160321 105357 1 105807 0
20160321 105147 1 103917 0
20160321 105053 1 103908 0
20160321 105379 1 106148 0
20160321 104312 1 105385 0
20160321 105732 1 104586 0
20160321 105723 1 104297 0
20160321 105173 1 105011 0
20160321 104571 1 103794 0
20160321 105065 1 126205 0
20160321 106045 1 111202 0
20160321 104660 1 111797 0
20160321 105062 1 104548 0
20160321 106000 1 104919 0
20160321 126203 1 104620 0
20160321 106298 1 104559 0
20160321 104338 1 104471 0
20160321 105583 1 106261 0
20160321 104719 1 106216 0
20160321 105438 1 126094 0
20160321 104269 1 104180 0
20160321 105223 1 105550 0
20160321 104330 1 105539 0
20160321 100644 1 111581 0
20160321 104022 1 105208 0
20160321 105077 1 105292 0
20160321 105032 1 103607 0
20160321 106415 1 111577 0
20160321 105577 1 106043 0
20160321 106378 1 106210 0
20160321 104918 1 104797 0
20160321 105777 1 105643 0
20160321 104655 1 105357 0
20160321 104792 1 105147 0
20160321 104542 1 105053 0
20160321 105138 1 105379 0
20160321 105238 1 104312 0
20160321 105453 1 105732 0
20160321 105723 1 104527 0
20160321 105173 1 105023 0
20160321 106401 1 104571 0
20160321 105065 1 104545 0
20160321 105683 1 106045 0
20160321 106058 1 104660 0
20160321 105062 1 105064 0
20160321 106000 1 104745 0
20160321 103970 1 126203 0
20160321 106298 1 104198 0
20160321 104468 1 104338 0
20160321 105227 1 105583 0
20160321 105676 1 104719 0
20160321 104678 1 105438 0
20160321 104269 1 104871 0
20160321 104547 1 105223 0
20160321 104607 1 104330 0
20160321 105449 1 100644 0
20160321 105332 1 104022 0
20160321 104755 1 105077 0
20160321 106233 1 105032 0
20160321 106415 1 103852 0
20160321 105311 1 105577 0
20160321 104925 1 106378 0
20160321 105777 1 104918 0
20160321 104792 1 104655 0
20160321 105138 1 104542 0
20160321 105453 1 105238 0
20160321 105723 1 105173 0
20160321 106401 1 105065 0
20160321 105683 1 106058 0
20160321 106000 1 105062 0
20160321 106298 1 103970 0
20160321 104468 1 105227 0
20160321 105676 1 104678 0
20160321 104547 1 104269 0
20160321 104607 1 105449 0
20160321 104755 1 105332 0
20160321 106233 1 106415 0
20160321 104925 1 105311 0
20160321 104792 1 105777 0
20160321 105453 1 105138 0
20160321 106401 1 105723 0
20160321 105683 1 106000 0
20160321 104468 1 106298 0
20160321 105676 1 104547 0
20160321 104607 1 104755 0
20160321 104925 1 106233 0
20160321 105453 1 104792 0
20160321 106401 1 105683 0
20160321 105676 1 104468 0
20160321 104925 1 104607 0
20160321 105453 1 106401 0
20160321 104925 1 105676 0
20160321 104925 1 105453 0
20160404 104338 1 105589 0
20160404 103794 1 103582 0
20160404 105023 1 124187 0
20160404 105041 1 104098 0
20160404 105065 1 106044 0
20160404 105385 1 105449 0
20160404 104571 1 106043 0
20160404 104269 1 104122 0
20160404 105881 1 126207 0
20160404 126205 1 103893 0
20160404 111202 1 103607 0
20160404 106045 1 104999 0
20160404 104338 1 105332 0
20160404 105023 1 103794 0
20160404 103852 1 105041 0
20160404 105065 1 105385 0
20160404 104571 1 104269 0
20160404 106058 1 105881 0
20160404 111202 1 126205 0
20160404 104545 1 106045 0
20160404 104338 1 105023 0
20160404 103852 1 105065 0
20160404 106058 1 104571 0
20160404 104545 1 111202 0
20160404 104338 1 103852 0
20160404 106058 1 104545 0
20160404 104338 1 106058 0
20160404 105487 1 104467 0
20160404 103656 1 105015 0
20160404 104593 1 104559 0
20160404 105217 1 144760 0
20160404 104797 1 105841 0
20160404 105807 1 105539 0
20160404 103908 1 105077 0
20160404 104216 1 103926 0
20160404 104620 1 106121 0
20160404 106210 1 105438 0
20160404 105254 1 105149 0
20160404 104597 1 105430 0
20160404 105487 1 105311 0
20160404 103656 1 104593 0
20160404 105643 1 105217 0
20160404 105807 1 104797 0
20160404 103908 1 104216 0
20160404 106432 1 104620 0
20160404 106210 1 105254 0
20160404 104198 1 104597 0
20160404 103656 1 105487 0
20160404 105643 1 105807 0
20160404 106432 1 103908 0
20160404 106210 1 104198 0
20160404 105643 1 103656 0
20160404 106432 1 106210 0
20160404 105643 1 106432 0
20160411 105732 1 105550 0
20160411 105311 1 103333 0
20160411 105332 1 105438 0
20160411 105683 1 106065 0
20160411 104655 1 104593 0
20160411 106000 1 104898 0
20160411 104259 1 106432 0
20160411 105777 1 105936 0
20160411 104468 1 104678 0
20160411 106233 1 105526 0
20160411 106121 1 105173 0
20160411 105379 1 104586 0
20160411 105807 1 103565 0
20160411 106298 1 103917 0
20160411 104755 1 104597 0
20160411 105138 1 105077 0
20160411 104871 1 105723 0
20160411 104198 1 105064 0
20160411 100644 1 126094 0
20160411 104269 1 105643 0
20160411 105676 1 103852 0
20160411 104792 1 104180 0
20160411 103893 1 104926 0
20160411 106210 1 104559 0
20160411 104918 1 105732 0
20160411 105332 1 105311 0
20160411 105683 1 104655 0
20160411 106000 1 104607 0
20160411 104527 1 104259 0
20160411 104468 1 105777 0
20160411 106233 1 106121 0
20160411 104745 1 105379 0
20160411 104542 1 105807 0
20160411 106298 1 104755 0
20160411 105138 1 104871 0
20160411 103819 1 104198 0
20160411 104719 1 100644 0
20160411 105676 1 104269 0
20160411 104792 1 103893 0
20160411 106210 1 104925 0
20160411 104918 1 105332 0
20160411 105683 1 106000 0
20160411 104527 1 104468 0
20160411 104745 1 106233 0
20160411 104542 1 106298 0
20160411 103819 1 105138 0
20160411 104719 1 105676 0
20160411 104792 1 106210 0
20160411 104918 1 105683 0
20160411 104745 1 104527 0
20160411 104542 1 103819 0
20160411 104792 1 104719 0
20160411 104745 1 104918 0
20160411 104792 1 104542 0
20160411 104745 1 104792 0
20160418 105217 1 111200 0
20160418 103607 1 105062 0
20160418 105539 1 105487 0
20160418 111575 1 105379 0
20160418 104291 1 111202 0
20160418 100644 1 105526 0
20160418 105077 1 144719 0
20160418 104559 1 104597 0
20160418 104471 1 106398 0
20160418 105807 1 104797 0
20160418 105438 1 105015 0
20160418 103285 1 105053 0
20160418 105916 1 105208 0
20160418 104022 1 104330 0
20160418 103656 1 106148 0
20160418 104719 1 103926 0
20160418 105453 1 105217 0
20160418 104871 1 103607 0
20160418 105238 1 105539 0
20160418 111575 1 105138 0
20160418 104291 1 105952 0
20160418 100644 1 105064 0
20160418 104655 1 105077 0
20160418 105332 1 104559 0
20160418 103852 1 104471 0
20160418 104259 1 105807 0
20160418 105723 1 105438 0
20160418 103285 1 104273 0
20160418 104678 1 105916 0
20160418 104926 1 104022 0
20160418 103656 1 105311 0
20160418 104745 1 104719 0
20160418 105453 1 104871 0
20160418 105238 1 111575 0
20160418 104291 1 100644 0
20160418 105332 1 104655 0
20160418 104259 1 103852 0
20160418 105723 1 103285 0
20160418 104926 1 104678 0
20160418 104745 1 103656 0
20160418 105453 1 105238 0
20160418 105332 1 104291 0
20160418 104259 1 105723 0
20160418 104745 1 104926 0
20160418 105453 1 105332 0
20160418 104745 1 104259 0
20160418 104745 1 105453 0
20160418 106298 1 105583 0
20160418 106121 1 105426 0
20160418 103893 1 106043 0
20160418 105011 1 104534 0
20160418 106000 1 105657 0
20160418 106065 1 104571 0
20160418 105550 1 104494 0
20160418 104593 1 105173 0
20160418 106378 1 104586 0
20160418 105430 1 103908 0
20160418 104269 1 105060 0
20160418 104898 1 105063 0
20160418 106298 1 103333 0
20160418 103893 1 106121 0
20160418 105643 1 105011 0
20160418 106065 1 106000 0
20160418 105550 1 104593 0
20160418 104198 1 106378 0
20160418 104269 1 105430 0
20160418 104898 1 106071 0
20160418 106298 1 103893 0
20160418 105643 1 106065 0
20160418 104198 1 105550 0
20160418 104269 1 104898 0
20160418 106298 1 105643 0
20160418 104269 1 104198 0
20160418 104269 1 106298 0
20160425 105438 1 103926 0
20160425 104297 1 103794 0
20160425 106432 1 105063 0
20160425 104597 1 106393 0
20160425 103893 1 111200 0
20160425 104919 1 105155 0
20160425 104198 1 103582 0
20160425 103565 1 105341 0
20160425 106378 1 104593 0
20160425 105807 1 104269 0
20160425 106121 1 105731 0
20160425 103908 1 105671 0
20160425 106401 1 105438 0
20160425 106432 1 104297 0
20160425 104597 1 105311 0
20160425 104919 1 103893 0
20160425 104198 1 103565 0
20160425 105332 1 106378 0
20160425 105807 1 106121 0
20160425 104468 1 103908 0
20160425 106401 1 106432 0
20160425 104597 1 104919 0
20160425 105332 1 104198 0
20160425 105807 1 104468 0
20160425 104597 1 106401 0
20160425 105807 1 105332 0
20160425 104597 1 105807 0
20160425 104494 1 105936 0
20160425 106148 1 104947 0
20160425 106210 1 105217 0
20160425 105583 1 105952 0
20160425 111202 1 104122 0
20160425 104719 1 117356 0
20160425 105077 1 105173 0
20160425 111575 1 105379 0
20160425 104534 1 126094 0
20160425 106000 1 104559 0
20160425 105011 1 104216 0
20160425 106043 1 105487 0
20160425 105777 1 104494 0
20160425 106210 1 106148 0
20160425 103333 1 105583 0
20160425 104719 1 111202 0
20160425 105077 1 111575 0
20160425 105643 1 104534 0
20160425 106000 1 105011 0
20160425 106043 1 106071 0
20160425 105777 1 106210 0
20160425 103333 1 104719 0
20160425 105643 1 105077 0
20160425 106043 1 106000 0
20160425 105777 1 103333 0
20160425 106043 1 105643 0
20160425 106043 1 105777 0
20160425 104997 1 106065 0
20160425 105062 1 105539 0
20160425 104926 1 109739 0
20160425 104252 1 104897 0
20160425 105223 1 104460 0
20160425 105526 1 105577 0
20160425 105064 1 104022 0
20160425 104471 1 105208 0
20160425 105053 1 104999 0
20160425 100644 1 104291 0
20160425 104586 1 104797 0
20160425 103607 1 105649 0
20160425 106075 1 104997 0
20160425 104926 1 105062 0
20160425 104259 1 104252 0
20160425 105223 1 105526 0
20160425 104471 1 105064 0
20160425 106233 1 105053 0
20160425 100644 1 104586 0
20160425 105676 1 103607 0
20160425 104926 1 106075 0
20160425 104259 1 105223 0
20160425 106233 1 104471 0
20160425 100644 1 105676 0
20160425 104259 1 104926 0
20160425 106233 1 100644 0
20160425 104259 1 106233 0
20160502 103285 1 105577 0
20160502 105807 1 105777 0
20160502 104468 1 104571 0
20160502 103970 1 104198 0
20160502 106045 1 103333 0
20160502 104797 1 104559 0
20160502 105311 1 103917 0
20160502 106058 1 105332 0
20160502 105223 1 106233 0
20160502 106298 1 105676 0
20160502 105023 1 105732 0
20160502 105723 1 104678 0
20160502 104926 1 106071 0
20160502 104269 1 104338 0
20160502 104755 1 106148 0
20160502 104792 1 104731 0
20160502 104655 1 104259 0
20160502 106401 1 105550 0
20160502 105077 1 104871 0
20160502 105238 1 105449 0
20160502 105683 1 105064 0
20160502 105138 1 105053 0
20160502 103852 1 104919 0
20160502 106432 1 104597 0
20160502 104918 1 103285 0
20160502 104468 1 105807 0
20160502 103970 1 106045 0
20160502 104607 1 104797 0
20160502 105311 1 104719 0
20160502 106058 1 105223 0
20160502 105023 1 106298 0
20160502 104745 1 105723 0
20160502 105453 1 104926 0
20160502 104755 1 104269 0
20160502 104655 1 104792 0
20160502 106401 1 104527 0
20160502 104542 1 105077 0
20160502 105683 1 105238 0
20160502 105138 1 103852 0
20160502 104925 1 106432 0
20160502 104918 1 104468 0
20160502 104607 1 103970 0
20160502 105311 1 106058 0
20160502 104745 1 105023 0
20160502 105453 1 104755 0
20160502 106401 1 104655 0
20160502 105683 1 104542 0
20160502 104925 1 105138 0
20160502 104918 1 104607 0
20160502 104745 1 105311 0
20160502 105453 1 106401 0
20160502 104925 1 105683 0
20160502 104918 1 104745 0
20160502 104925 1 105453 0
20160502 104925 1 104918 0
20160509 105062 1 106432 0
20160509 104871 1 106000 0
20160509 105138 1 103893 0
20160509 105676 1 104919 0
20160509 106058 1 105550 0
20160509 105077 1 105023 0
20160509 105332 1 106071 0
20160509 104338 1 105449 0
20160509 104731 1 103852 0
20160509 103970 1 103835 0
20160509 104198 1 104926 0
20160509 105208 1 103333 0
20160509 104678 1 104559 0
20160509 104312 1 105577 0
20160509 104755 1 103898 0
20160509 106233 1 105238 0
20160509 105311 1 132283 0
20160509 100644 1 105777 0
20160509 104259 1 105438 0
20160509 106401 1 106099 0
20160509 105683 1 106065 0
20160509 105064 1 104792 0
20160509 103917 1 104655 0
20160509 103565 1 105379 0
20160509 104918 1 105062 0
20160509 104871 1 105138 0
20160509 105676 1 106058 0
20160509 104607 1 105077 0
20160509 104527 1 105332 0
20160509 104338 1 104731 0
20160509 103970 1 104198 0
20160509 106298 1 105208 0
20160509 105453 1 104678 0
20160509 104755 1 104312 0
20160509 106233 1 105311 0
20160509 103819 1 100644 0
20160509 104745 1 104259 0
20160509 106401 1 105683 0
20160509 105064 1 103917 0
20160509 104925 1 103565 0
20160509 104918 1 104871 0
20160509 105676 1 104607 0
20160509 104338 1 104527 0
20160509 106298 1 103970 0
20160509 105453 1 104755 0
20160509 106233 1 103819 0
20160509 104745 1 106401 0
20160509 104925 1 105064 0
20160509 104918 1 105676 0
20160509 106298 1 104338 0
20160509 105453 1 106233 0
20160509 104925 1 104745 0
20160509 104918 1 106298 0
20160509 104925 1 105453 0
20160509 104918 1 104925 0
20160516 104797 1 104252 0
20160516 104330 1 105539 0
20160516 104198 1 105023 0
20160516 105208 1 105575 0
20160516 105064 1 105062 0
20160516 105643 1 104386 0
20160516 105449 1 104022 0
20160516 105723 1 104534 0
20160516 104586 1 105751 0
20160516 105438 1 104676 0
20160516 105807 1 106426 0
20160516 105077 1 104559 0
20160516 103970 1 104797 0
20160516 104198 1 104330 0
20160516 105227 1 105208 0
20160516 105643 1 105064 0
20160516 105723 1 105449 0
20160516 104586 1 104545 0
20160516 105807 1 105438 0
20160516 104527 1 105077 0
20160516 103970 1 104198 0
20160516 105227 1 105643 0
20160516 104586 1 105723 0
20160516 104527 1 105807 0
20160516 105227 1 103970 0
20160516 104527 1 104586 0
20160516 104527 1 105227 0
20160516 126203 1 105011 0
20160516 104719 1 104548 0
20160516 100644 1 106378 0
20160516 106043 1 104269 0
20160516 103607 1 106045 0
20160516 105311 1 111460 0
20160516 105385 1 104926 0
20160516 105550 1 106421 0
20160516 105173 1 104898 0
20160516 104312 1 103926 0
20160516 103908 1 111202 0
20160516 104919 1 106210 0
20160516 104468 1 126203 0
20160516 100644 1 104719 0
20160516 104731 1 106043 0
20160516 105311 1 103607 0
20160516 105550 1 105385 0
20160516 105173 1 105332 0
20160516 104312 1 103908 0
20160516 106233 1 104919 0
20160516 100644 1 104468 0
20160516 105311 1 104731 0
20160516 105173 1 105550 0
20160516 106233 1 104312 0
20160516 100644 1 105311 0
20160516 106233 1 105173 0
20160516 106233 1 100644 0
20160523 104925 1 104229 0
20160523 104327 1 104947 0
20160523 105379 1 105589 0
20160523 105807 1 105643 0
20160523 106071 1 104548 0
20160523 106432 1 126203 0
20160523 103908 1 105053 0
20160523 105138 1 104098 0
20160523 103970 1 105539 0
20160523 104338 1 104797 0
20160523 103607 1 105011 0
20160523 103852 1 105341 0
20160523 104655 1 104735 0
20160523 111460 1 111202 0
20160523 104291 1 104252 0
20160523 104607 1 105577 0
20160523 104745 1 105032 0
20160523 105487 1 104932 0
20160523 103917 1 105575 0
20160523 104719 1 104926 0
20160523 103565 1 104731 0
20160523 100644 1 105732 0
20160523 104198 1 105217 0
20160523 106233 1 105438 0
20160523 105676 1 106296 0
20160523 104122 1 103893 0
20160523 106210 1 104330 0
20160523 104597 1 104259 0
20160523 105311 1 106000 0
20160523 105208 1 104312 0
20160523 104571 1 104180 0
20160523 104542 1 105526 0
20160523 105683 1 104386 0
20160523 105173 1 105062 0
20160523 105413 1 103926 0
20160523 106298 1 103898 0
20160523 106058 1 104898 0
20160523 104460 1 104534 0
20160523 105077 1 104547 0
20160523 105477 1 105227 0
20160523 104468 1 104297 0
20160523 105550 1 106043 0
20160523 105583 1 106045 0
20160523 104678 1 105777 0
20160523 104871 1 104919 0
20160523 106361 1 106148 0
20160523 106121 1 105373 0
20160523 104527 1 104586 0
20160523 105453 1 104620 0
20160523 105723 1 103794 0
20160523 104471 1 104022 0
20160523 104269 1 105449 0
20160523 106401 1 106065 0
20160523 104997 1 104494 0
20160523 106216 1 105023 0
20160523 104755 1 105064 0
20160523 104545 1 105357 0
20160523 106378 1 105932 0
20160523 104559 1 105385 0
20160523 105332 1 105430 0
20160523 103333 1 103656 0
20160523 111442 1 111513 0
20160523 106288 1 105515 0
20160523 104918 1 103285 0
20160523 104925 1 104327 0
20160523 105379 1 105807 0
20160523 106432 1 106071 0
20160523 105138 1 103908 0
20160523 103970 1 104338 0
20160523 103852 1 103607 0
20160523 104655 1 111460 0
20160523 104607 1 104291 0
20160523 104745 1 105487 0
20160523 104719 1 103917 0
20160523 100644 1 103565 0
20160523 106233 1 104198 0
20160523 105676 1 104122 0
20160523 104597 1 106210 0
20160523 105208 1 105311 0
20160523 104542 1 104571 0
20160523 105683 1 105173 0
20160523 105413 1 106298 0
20160523 106058 1 104460 0
20160523 105077 1 105477 0
20160523 104468 1 105550 0
20160523 104678 1 105583 0
20160523 104871 1 106361 0
20160523 104527 1 106121 0
20160523 105453 1 105723 0
20160523 104269 1 104471 0
20160523 106401 1 104997 0
20160523 104755 1 106216 0
20160523 104545 1 106378 0
20160523 104559 1 105332 0
20160523 103333 1 111442 0
20160523 104918 1 106288 0
20160523 104925 1 105379 0
20160523 105138 1 106432 0
20160523 103970 1 103852 0
20160523 104607 1 104655 0
20160523 104719 1 104745 0
20160523 106233 1 100644 0
20160523 105676 1 104597 0
20160523 105208 1 104542 0
20160523 105683 1 105413 0
20160523 105077 1 106058 0
20160523 104678 1 104468 0
20160523 104527 1 104871 0
20160523 105453 1 104269 0
20160523 104755 1 106401 0
20160523 104545 1 104559 0
20160523 104918 1 103333 0
20160523 104925 1 105138 0
20160523 104607 1 103970 0
20160523 106233 1 104719 0
20160523 105676 1 105208 0
20160523 105077 1 105683 0
20160523 104527 1 104678 0
20160523 104755 1 105453 0
20160523 104918 1 104545 0
20160523 104925 1 104607 0
20160523 106233 1 105676 0
20160523 104527 1 105077 0
20160523 104918 1 104755 0
20160523 104925 1 106233 0
20160523 104918 1 104527 0
20160523 104925 1 104918 0
20160606 105379 1 124014 0
20160606 103908 1 104330 0
20160606 103917 1 105041 0
20160606 111578 1 106415 0
20160606 105147 1 104471 0
20160606 105023 1 103794 0
20160606 105173 1 104312 0
20160606 106421 1 104547 0
20160606 104997 1 105438 0
20160606 104180 1 104898 0
20160606 104198 1 105577 0
20160606 104534 1 106261 0
20160606 106071 1 105379 0
20160606 103917 1 103908 0
20160606 111578 1 105449 0
20160606 105023 1 105147 0
20160606 105173 1 106421 0
20160606 103333 1 104997 0
20160606 104180 1 104198 0
20160606 103970 1 104534 0
20160606 103917 1 106071 0
20160606 105023 1 111578 0
20160606 103333 1 105173 0
20160606 104180 1 103970 0
20160606 103917 1 105023 0
20160606 104180 1 103333 0
20160606 103917 1 104180 0
20160606 103285 1 104797 0
20160606 106045 1 105583 0
20160606 104259 1 105732 0
20160606 105526 1 104571 0
20160606 105223 1 105777 0
20160606 105357 1 106298 0
20160606 104022 1 103852 0
20160606 104660 1 123828 0
20160606 105032 1 105011 0
20160606 104252 1 104678 0
20160606 103582 1 104291 0
20160606 126203 1 104802 0
20160606 103285 1 105227 0
20160606 104259 1 106045 0
20160606 104468 1 105526 0
20160606 105223 1 105357 0
20160606 104022 1 104660 0
20160606 106233 1 105032 0
20160606 104252 1 103582 0
20160606 103819 1 126203 0
20160606 104259 1 103285 0
20160606 105223 1 104468 0
20160606 106233 1 104022 0
20160606 103819 1 104252 0
20160606 104259 1 105223 0
20160606 106233 1 103819 0
20160606 106233 1 104259 0
20160613 105453 1 106298 0
20160613 104252 1 104548 0
20160613 105216 1 126203 0
20160613 104312 1 103970 0
20160613 106233 1 105311 0
20160613 104559 1 103893 0
20160613 103333 1 105723 0
20160613 104259 1 104719 0
20160613 100644 1 104678 0
20160613 103794 1 105208 0
20160613 104460 1 105077 0
20160613 104571 1 104607 0
20160613 105676 1 106432 0
20160613 104660 1 106045 0
20160613 104291 1 105575 0
20160613 103819 1 105526 0
20160613 104252 1 105453 0
20160613 104312 1 105216 0
20160613 106233 1 104559 0
20160613 104259 1 103333 0
20160613 100644 1 103794 0
20160613 104571 1 104460 0
20160613 105676 1 104660 0
20160613 103819 1 104291 0
20160613 104252 1 104312 0
20160613 106233 1 104259 0
20160613 100644 1 104571 0
20160613 103819 1 105676 0
20160613 104252 1 106233 0
20160613 100644 1 103819 0
20160613 104252 1 100644 0
20160613 104269 1 104527 0
20160613 106071 1 104731 0
20160613 104180 1 104868 0
20160613 104545 1 105223 0
20160613 105683 1 106401 0
20160613 106210 1 104871 0
20160613 105385 1 105577 0
20160613 105138 1 105023 0
20160613 105227 1 103852 0
20160613 104386 1 105777 0
20160613 105173 1 104198 0
20160613 105449 1 104755 0
20160613 106378 1 104468 0
20160613 103908 1 105554 0
20160613 105379 1 105332 0
20160613 104918 1 103917 0
20160613 106071 1 104269 0
20160613 104180 1 104545 0
20160613 105683 1 106210 0
20160613 105138 1 105385 0
20160613 105227 1 104386 0
20160613 105449 1 105173 0
20160613 106378 1 103908 0
20160613 104918 1 105379 0
20160613 106071 1 104180 0
20160613 105683 1 105138 0
20160613 105227 1 105449 0
20160613 104918 1 106378 0
20160613 105683 1 106071 0
20160613 104918 1 105227 0
20160613 104918 1 105683 0
20160620 103565 1 105454 0
20160620 105554 1 106281 0
20160620 105539 1 106045 0
20160620 124014 1 106043 0
20160620 106378 1 104586 0
20160620 104433 1 105528 0
20160620 104022 1 104559 0
20160620 106210 1 104547 0
20160620 104291 1 104868 0
20160620 105173 1 126203 0
20160620 103794 1 111442 0
20160620 104534 1 103401 0
20160620 105357 1 105064 0
20160620 106000 1 104797 0
20160620 103607 1 104330 0
20160620 104471 1 103898 0
20160620 104655 1 103565 0
20160620 105554 1 105575 0
20160620 104571 1 105539 0
20160620 105023 1 124014 0
20160620 105238 1 106378 0
20160620 104433 1 105062 0
20160620 104022 1 105807 0
20160620 104180 1 106210 0
20160620 104312 1 104291 0
20160620 105173 1 103893 0
20160620 103794 1 105550 0
20160620 104534 1 105311 0
20160620 105449 1 105357 0
20160620 105577 1 106000 0
20160620 104269 1 103607 0
20160620 104731 1 104471 0
20160620 104655 1 105554 0
20160620 104571 1 105023 0
20160620 105238 1 104433 0
20160620 104180 1 104022 0
20160620 104312 1 105173 0
20160620 104534 1 103794 0
20160620 105449 1 105577 0
20160620 104731 1 104269 0
20160620 104655 1 104571 0
20160620 104180 1 105238 0
20160620 104312 1 104534 0
20160620 105449 1 104731 0
20160620 104655 1 104180 0
20160620 105449 1 104312 0
20160620 105449 1 104655 0
20160627 104925 1 104868 0
20160627 105173 1 106378 0
20160627 105064 1 105074 0
20160627 105023 1 104586 0
20160627 105732 1 104259 0
20160627 106000 1 106045 0
20160627 103917 1 105454 0
20160627 103970 1 104534 0
20160627 105676 1 105528 0
20160627 104273 1 104559 0
20160627 104597 1 104297 0
20160627 104797 1 104731 0
20160627 106058 1 105208 0
20160627 104898 1 106043 0
20160627 104312 1 104198 0
20160627 105683 1 105807 0
20160627 103819 1 105550 0
20160627 105650 1 105575 0
20160627 105554 1 105526 0
20160627 105238 1 105539 0
20160627 104871 1 104792 0
20160627 105449 1 104291 0
20160627 105777 1 106216 0
20160627 104468 1 104386 0
20160627 105227 1 104548 0
20160627 104660 1 106415 0
20160627 105041 1 103893 0
20160627 103333 1 106432 0
20160627 105723 1 104655 0
20160627 104180 1 105053 0
20160627 103898 1 105011 0
20160627 105453 1 105032 0
20160627 106233 1 104252 0
20160627 106210 1 104997 0
20160627 106261 1 106291 0
20160627 105311 1 104098 0
20160627 100644 1 103908 0
20160627 104022 1 104547 0
20160627 103794 1 105487 0
20160627 104607 1 104471 0
20160627 105138 1 111442 0
20160627 105062 1 105373 0
20160627 105430 1 105671 0
20160627 106071 1 104269 0
20160627 106298 1 105657 0
20160627 105385 1 104919 0
20160627 105223 1 103565 0
20160627 104527 1 126203 0
20160627 104755 1 105379 0
20160627 104719 1 103607 0
20160627 105077 1 105577 0
20160627 104678 1 106137 0
20160627 104545 1 104571 0
20160627 105881 1 105874 0
20160627 104338 1 106121 0
20160627 104542 1 105438 0
20160627 106401 1 103285 0
20160627 104460 1 105583 0
20160627 104926 1 105643 0
20160627 103852 1 104330 0
20160627 105332 1 105015 0
20160627 105357 1 103656 0
20160627 104229 1 104628 0
20160627 104918 1 106281 0
20160627 104925 1 105173 0
20160627 105023 1 105064 0
20160627 105732 1 106000 0
20160627 103917 1 103970 0
20160627 105676 1 104273 0
20160627 104797 1 104597 0
20160627 106058 1 104898 0
20160627 105683 1 104312 0
20160627 103819 1 105650 0
20160627 105554 1 105238 0
20160627 105449 1 104871 0
20160627 105777 1 104468 0
20160627 105227 1 104660 0
20160627 105041 1 103333 0
20160627 105723 1 104180 0
20160627 105453 1 103898 0
20160627 106210 1 106233 0
20160627 105311 1 106261 0
20160627 100644 1 104022 0
20160627 104607 1 103794 0
20160627 105138 1 105062 0
20160627 106071 1 105430 0
20160627 106298 1 105385 0
20160627 105223 1 104527 0
20160627 104755 1 104719 0
20160627 105077 1 104678 0
20160627 104545 1 105881 0
20160627 104542 1 104338 0
20160627 106401 1 104460 0
20160627 103852 1 104926 0
20160627 105357 1 105332 0
20160627 104918 1 104229 0
20160627 105023 1 104925 0
20160627 103917 1 105732 0
20160627 105676 1 104797 0
20160627 105683 1 106058 0
20160627 103819 1 105554 0
20160627 105449 1 105777 0
20160627 105227 1 105041 0
20160627 105453 1 105723 0
20160627 106210 1 105311 0
20160627 104607 1 100644 0
20160627 106071 1 105138 0
20160627 106298 1 105223 0
20160627 104755 1 105077 0
20160627 104542 1 104545 0
20160627 106401 1 103852 0
20160627 104918 1 105357 0
20160627 105023 1 103917 0
20160627 105683 1 105676 0
20160627 103819 1 105449 0
20160627 105227 1 105453 0
20160627 104607 1 106210 0
20160627 106298 1 106071 0
20160627 104542 1 104755 0
20160627 104918 1 106401 0
20160627 105683 1 105023 0
20160627 103819 1 105227 0
20160627 104607 1 106298 0
20160627 104918 1 104542 0
20160627 105683 1 103819 0
20160627 104918 1 104607 0
20160627 104918 1 105683 0
20160711 144797 1 110596 0
20160711 105671 1 105872 0
20160711 106121 1 104547 0
20160711 105487 1 105132 0
20160711 103656 1 111200 0
20160711 104269 1 105967 0
20160711 105539 1 111575 0
20160711 105063 1 105477 0
20160711 106148 1 103582 0
20160711 105379 1 106035 0
20160711 104460 1 103926 0
20160711 123921 1 106137 0
20160711 105311 1 144797 0
20160711 105671 1 106121 0
20160711 105487 1 104719 0
20160711 104269 1 103656 0
20160711 105063 1 105539 0
20160711 105077 1 106148 0
20160711 104460 1 105379 0
20160711 103970 1 123921 0
20160711 105671 1 105311 0
20160711 104269 1 105487 0
20160711 105077 1 105063 0
20160711 103970 1 104460 0
20160711 104269 1 105671 0
20160711 105077 1 103970 0
20160711 105077 1 104269 0
20160711 104593 1 105332 0
20160711 106421 1 105526 0
20160711 144923 1 105731 0
20160711 105373 1 104997 0
20160711 105438 1 100644 0
20160711 103565 1 104919 0
20160711 104813 1 202359 0
20160711 104198 1 104932 0
20160711 104597 1 105596 0
20160711 103908 1 105589 0
20160711 106329 1 104999 0
20160711 104655 1 104252 0
20160711 104216 1 104871 0
20160711 105952 1 104022 0
20160711 106044 1 105341 0
20160711 104259 1 104122 0
20160711 104593 1 106421 0
20160711 105373 1 144923 0
20160711 103565 1 105438 0
20160711 104198 1 104813 0
20160711 103908 1 104597 0
20160711 104655 1 106329 0
20160711 105952 1 104216 0
20160711 104259 1 106044 0
20160711 105373 1 104593 0
20160711 103565 1 104198 0
20160711 104655 1 103908 0
20160711 105952 1 104259 0
20160711 105373 1 103565 0
20160711 104655 1 105952 0
20160711 105373 1 104655 0
20160711 104433 1 105992 0
20160711 105441 1 111442 0
20160711 103843 1 104864 0
20160711 104548 1 105572 0
20160711 104330 1 111456 0
20160711 104534 1 105041 0
20160711 105173 1 105902 0
20160711 105032 1 104308 0
20160711 103607 1 106261 0
20160711 105385 1 111577 0
20160711 111578 1 103794 0
20160711 105216 1 104804 0
20160711 103333 1 104433 0
20160711 103843 1 105441 0
20160711 104571 1 104548 0
20160711 104534 1 104330 0
20160711 105173 1 105032 0
20160711 104180 1 103607 0
20160711 105385 1 111578 0
20160711 105449 1 105216 0
20160711 103333 1 103843 0
20160711 104571 1 104534 0
20160711 104180 1 105173 0
20160711 105385 1 105449 0
20160711 103333 1 104571 0
20160711 104180 1 105385 0
20160711 103333 1 104180 0
20160715 105877 1 104297 0
20160715 105064 1 105933 0
20160715 105064 1 105877 0
20160715 105053 1 111797 0
20160715 106174 1 105292 0
20160715 106174 1 105053 0
20160715 105585 1 104736 0
20160715 104797 1 105842 0
20160715 105585 1 104797 0
20160715 104736 1 105842 0
20160715 103852 1 105657 0
20160715 105138 1 104494 0
20160715 105138 1 104495 0
20160715 105807 1 104494 0
20160715 105413 1 105954 0
20160715 106075 1 105916 0
20160715 106368 1 111805 0
20160715 105031 1 105790 0
20160715 103523 1 106184 0
20160715 105790 1 106368 0
20160715 126094 1 104898 0
20160715 104559 1 105217 0
20160715 104505 1 104898 0
20160715 104235 1 106234 0
20160715 105011 1 110602 0
20160715 104660 1 105589 0
20160715 103781 1 105011 0
20160715 104660 1 110602 0
20160715 105656 1 105467 0
20160715 106175 1 105292 0
20160715 105656 1 106175 0
20160715 105334 1 104763 0
20160715 103813 1 111453 0
20160715 104233 1 105349 0
20160715 103813 1 104233 0
20160715 111453 1 105349 0
20160715 125802 1 106342 0
20160715 106138 1 108761 0
20160715 125802 1 111781 0
20160715 106138 1 144854 0
20160715 105827 1 120401 0
20160715 108748 1 144750 0
20160715 105827 1 144750 0
20160715 120401 1 126689 0
20160715 105273 1 106250 0
20160715 126190 1 106412 0
20160715 105273 1 106412 0
20160715 126190 1 106250 0
20160715 104251 1 104604 0
20160715 105946 1 108717 0
20160715 104251 1 106150 0
20160715 106000 1 117356 0
20160715 104947 1 105806 0
20160715 106000 1 104947 0
20160715 105579 1 122533 0
20160715 111181 1 106392 0
20160715 111181 1 123969 0
20160715 105579 1 202316 0
20160715 104586 1 104542 0
20160715 106298 1 106210 0
20160715 104542 1 106210 0
20160715 106378 1 104386 0
20160715 105583 1 104868 0
20160715 106378 1 105583 0
20160715 104386 1 104868 0
20160715 105643 1 104312 0
20160715 104926 1 104338 0
20160715 105643 1 104926 0
20160715 106058 1 105227 0
20160715 104545 1 106432 0
20160715 105227 1 104545 0
20160715 106432 1 106058 0
20160718 106329 1 134472 0
20160718 104898 1 105217 0
20160718 104547 1 106006 0
20160718 106137 1 105430 0
20160718 105967 1 106075 0
20160718 103908 1 103843 0
20160718 104022 1 126627 0
20160718 105806 1 104797 0
20160718 104460 1 104338 0
20160718 104505 1 105550 0
20160718 111200 1 104978 0
20160718 103902 1 105161 0
20160718 106329 1 104468 0
20160718 104898 1 104547 0
20160718 105077 1 106137 0
20160718 103908 1 105967 0
20160718 104022 1 105806 0
20160718 104460 1 105064 0
20160718 111200 1 104505 0
20160718 103852 1 103902 0
20160718 104898 1 106329 0
20160718 103908 1 105077 0
20160718 104460 1 104022 0
20160718 103852 1 111200 0
20160718 104898 1 103908 0
20160718 103852 1 104460 0
20160718 103852 1 104898 0
20160718 111575 1 103835 0
20160718 104999 1 105487 0
20160718 105583 1 104297 0
20160718 106361 1 104216 0
20160718 104997 1 104932 0
20160718 105932 1 104586 0
20160718 105526 1 117361 0
20160718 103926 1 103582 0
20160718 106148 1 110602 0
20160718 104593 1 105438 0
20160718 105589 1 103656 0
20160718 103781 1 106121 0
20160718 111575 1 104259 0
20160718 105583 1 104999 0
20160718 106361 1 104719 0
20160718 105932 1 104997 0
20160718 105526 1 103926 0
20160718 103893 1 106148 0
20160718 105589 1 104593 0
20160718 103781 1 106233 0
20160718 105583 1 111575 0
20160718 105932 1 106361 0
20160718 103893 1 105526 0
20160718 105589 1 103781 0
20160718 105932 1 105583 0
20160718 103893 1 105589 0
20160718 103893 1 105932 0
20160718 104919 1 105254 0
20160718 105413 1 104660 0
20160718 105373 1 105782 0
20160718 105677 1 105379 0
20160718 104122 1 105936 0
20160718 106210 1 105426 0
20160718 106000 1 104597 0
20160718 105341 1 105015 0
20160718 105952 1 104007 0
20160718 105807 1 104312 0
20160718 104559 1 126120 0
20160718 105671 1 104198 0
20160718 105311 1 104919 0
20160718 105413 1 105373 0
20160718 104871 1 105677 0
20160718 104122 1 106210 0
20160718 106000 1 105341 0
20160718 104926 1 105952 0
20160718 105807 1 104559 0
20160718 105671 1 104655 0
20160718 105413 1 105311 0
20160718 104122 1 104871 0
20160718 104926 1 106000 0
20160718 105671 1 105807 0
20160718 105413 1 104122 0
20160718 104926 1 105671 0
20160718 104926 1 105413 0
20160718 104229 1 105572 0
20160718 105216 1 105577 0
20160718 111442 1 103607 0
20160718 106216 1 104864 0
20160718 111577 1 104672 0
20160718 106415 1 104471 0
20160718 104291 1 124187 0
20160718 126203 1 104534 0
20160718 105041 1 133430 0
20160718 105554 1 103794 0
20160718 104548 1 105032 0
20160718 105385 1 124014 0
20160718 105173 1 126207 0
20160718 105992 1 103565 0
20160718 105357 1 106045 0
20160718 105902 1 105065 0
20160718 104792 1 104229 0
20160718 106432 1 105216 0
20160718 105238 1 111442 0
20160718 105023 1 106216 0
20160718 105332 1 111577 0
20160718 104180 1 106415 0
20160718 104291 1 104731 0
20160718 100644 1 126203 0
20160718 106058 1 105041 0
20160718 105554 1 105777 0
20160718 103333 1 104548 0
20160718 106071 1 105385 0
20160718 105449 1 105173 0
20160718 105992 1 104678 0
20160718 104571 1 105357 0
20160718 104545 1 105902 0
20160718 104792 1 106432 0
20160718 105023 1 105238 0
20160718 105332 1 104180 0
20160718 100644 1 104291 0
20160718 106058 1 105554 0
20160718 103333 1 106071 0
20160718 105449 1 105992 0
20160718 104545 1 104571 0
20160718 104792 1 105023 0
20160718 100644 1 105332 0
20160718 103333 1 106058 0
20160718 105449 1 104545 0
20160718 104792 1 100644 0
20160718 103333 1 105449 0
20160718 104792 1 103333 0
20160725 104022 1 103565 0
20160725 105385 1 105238 0
20160725 106058 1 106045 0
20160725 106071 1 105292 0
20160725 105731 1 106378 0
20160725 104731 1 104678 0
20160725 106261 1 105643 0
20160725 104330 1 105208 0
20160725 106298 1 105877 0
20160725 133430 1 106401 0
20160725 105777 1 105216 0
20160725 103333 1 126203 0
20160725 105023 1 104433 0
20160725 105577 1 104871 0
20160725 104792 1 105311 0
20160725 104926 1 105449 0
20160725 111577 1 105357 0
20160725 104229 1 100644 0
20160725 106432 1 104471 0
20160725 105992 1 105723 0
20160725 104545 1 104534 0
20160725 103285 1 105332 0
20160725 105166 1 105065 0
20160725 104180 1 104098 0
20160725 104527 1 104022 0
20160725 106058 1 105385 0
20160725 106071 1 105731 0
20160725 104731 1 106233 0
20160725 105453 1 106261 0
20160725 104330 1 106298 0
20160725 105777 1 133430 0
20160725 103333 1 105227 0
20160725 105676 1 105023 0
20160725 104792 1 105577 0
20160725 111577 1 104926 0
20160725 105683 1 104229 0
20160725 104607 1 106432 0
20160725 105992 1 104545 0
20160725 103285 1 105166 0
20160725 104925 1 104180 0
20160725 104527 1 106058 0
20160725 104731 1 106071 0
20160725 105453 1 104330 0
20160725 105777 1 103333 0
20160725 104792 1 105676 0
20160725 105683 1 111577 0
20160725 104607 1 105992 0
20160725 104925 1 103285 0
20160725 104527 1 104731 0
20160725 105453 1 105777 0
20160725 104792 1 105683 0
20160725 104925 1 104607 0
20160725 105453 1 104527 0
20160725 104925 1 104792 0
20160725 104925 1 105453 0
20160801 111577 1 105032 0
20160801 103898 1 105441 0
20160801 104269 1 105583 0
20160801 106415 1 105554 0
20160801 104735 1 104660 0
20160801 104547 1 104198 0
20160801 105385 1 105572 0
20160801 105065 1 106329 0
20160801 124187 1 111153 0
20160801 126203 1 106269 0
20160801 106216 1 104997 0
20160801 105173 1 104999 0
20160801 106401 1 111577 0
20160801 104269 1 103898 0
20160801 106415 1 105238 0
20160801 104547 1 104735 0
20160801 105385 1 105065 0
20160801 124187 1 104731 0
20160801 126203 1 106216 0
20160801 104545 1 105173 0
20160801 106401 1 104269 0
20160801 106415 1 104547 0
20160801 124187 1 105385 0
20160801 104545 1 126203 0
20160801 106401 1 106415 0
20160801 104545 1 124187 0
20160801 106401 1 104545 0
20160808 105583 1 106329 0
20160808 104198 1 106412 0
20160808 104597 1 111511 0
20160808 104999 1 105173 0
20160808 104735 1 105065 0
20160808 104719 1 104269 0
20160808 105807 1 104871 0
20160808 105572 1 105853 0
20160808 105053 1 104804 0
20160808 104547 1 105238 0
20160808 103898 1 111577 0
20160808 124187 1 104660 0
20160808 105583 1 106071 0
20160808 104597 1 104198 0
20160808 103333 1 104999 0
20160808 104719 1 104735 0
20160808 105807 1 105572 0
20160808 105053 1 105023 0
20160808 103898 1 104547 0
20160808 103852 1 124187 0
20160808 105583 1 104597 0
20160808 103333 1 104719 0
20160808 105807 1 105053 0
20160808 103852 1 103898 0
20160808 103333 1 105583 0
20160808 103852 1 105807 0
20160808 103333 1 103852 0
20160808 105223 1 104925 0
20160808 105311 1 104898 0
20160808 106378 1 111442 0
20160808 106121 1 106058 0
20160808 105138 1 105723 0
20160808 103893 1 104229 0
20160808 104180 1 105668 0
20160808 104542 1 104291 0
20160808 104745 1 105643 0
20160808 104312 1 105011 0
20160808 105216 1 104548 0
20160808 104468 1 106432 0
20160808 104655 1 105932 0
20160808 105064 1 104460 0
20160808 104534 1 106000 0
20160808 105676 1 103857 0
20160808 104792 1 105577 0
20160808 104297 1 105341 0
20160808 105430 1 104559 0
20160808 105227 1 105777 0
20160808 104259 1 105550 0
20160808 105413 1 106045 0
20160808 105357 1 105575 0
20160808 105453 1 105077 0
20160808 103970 1 104797 0
20160808 105539 1 105526 0
20160808 105671 1 106423 0
20160808 105449 1 105985 0
20160808 105332 1 104586 0
20160808 104926 1 103607 0
20160808 104338 1 105806 0
20160808 104918 1 104678 0
20160808 105223 1 105311 0
20160808 106121 1 106378 0
20160808 105138 1 103893 0
20160808 104180 1 104542 0
20160808 104745 1 104312 0
20160808 104468 1 105216 0
20160808 105064 1 104655 0
20160808 105676 1 104534 0
20160808 104792 1 104297 0
20160808 105227 1 105430 0
20160808 105413 1 104259 0
20160808 105453 1 105357 0
20160808 105539 1 103970 0
20160808 105449 1 105671 0
20160808 104926 1 105332 0
20160808 104918 1 104338 0
20160808 105223 1 106121 0
20160808 105138 1 104180 0
20160808 104745 1 104468 0
20160808 105064 1 105676 0
20160808 104792 1 105227 0
20160808 105453 1 105413 0
20160808 105449 1 105539 0
20160808 104918 1 104926 0
20160808 105223 1 105138 0
20160808 104745 1 105064 0
20160808 105453 1 104792 0
20160808 104918 1 105449 0
20160808 105223 1 104745 0
20160808 104918 1 105453 0
20160808 104918 1 105223 0
20160808 105453 1 104745 0
20160815 111577 1 104597 0
20160815 105777 1 104468 0
20160815 103852 1 104999 0
20160815 103898 1 103970 0
20160815 105449 1 105643 0
20160815 124187 1 104871 0
20160815 104655 1 105023 0
20160815 106432 1 105332 0
20160815 106401 1 106298 0
20160815 105227 1 104678 0
20160815 104269 1 105077 0
20160815 104719 1 106210 0
20160815 105357 1 104291 0
20160815 104571 1 105577 0
20160815 104792 1 105807 0
20160815 103917 1 105138 0
20160815 105216 1 100644 0
20160815 104545 1 104926 0
20160815 104022 1 126203 0
20160815 106071 1 105311 0
20160815 105676 1 105932 0
20160815 104755 1 105173 0
20160815 104731 1 105238 0
20160815 104338 1 103333 0
20160815 104527 1 111577 0
20160815 105777 1 103852 0
20160815 105449 1 103898 0
20160815 104542 1 124187 0
20160815 104745 1 104655 0
20160815 106432 1 106401 0
20160815 105227 1 104269 0
20160815 104607 1 104719 0
20160815 106233 1 105357 0
20160815 104792 1 104571 0
20160815 105216 1 103917 0
20160815 105683 1 104545 0
20160815 105453 1 104022 0
20160815 106071 1 105676 0
20160815 104731 1 104755 0
20160815 104918 1 104338 0
20160815 105777 1 104527 0
20160815 105449 1 104542 0
20160815 106432 1 104745 0
20160815 105227 1 104607 0
20160815 106233 1 104792 0
20160815 105683 1 105216 0
20160815 106071 1 105453 0
20160815 104918 1 104731 0
20160815 105777 1 105449 0
20160815 105227 1 106432 0
20160815 105683 1 106233 0
20160815 104918 1 106071 0
20160815 105227 1 105777 0
20160815 104918 1 105683 0
20160815 105227 1 104918 0
20160822 105379 1 104945 0
20160822 105385 1 105732 0
20160822 104229 1 105011 0
20160822 106043 1 105062 0
20160822 104586 1 103607 0
20160822 126203 1 126207 0
20160822 106378 1 104330 0
20160822 104198 1 106000 0
20160822 106210 1 126646 0
20160822 104022 1 105902 0
20160822 105526 1 104312 0
20160822 104291 1 105430 0
20160822 105357 1 106415 0
20160822 106216 1 105539 0
20160822 103565 1 103908 0
20160822 105554 1 105671 0
20160822 105138 1 105379 0
20160822 104571 1 105385 0
20160822 104229 1 105311 0
20160822 106043 1 104468 0
20160822 105449 1 104586 0
20160822 104269 1 126203 0
20160822 104678 1 106378 0
20160822 105023 1 104198 0
20160822 106210 1 104731 0
20160822 105723 1 104022 0
20160822 105807 1 105526 0
20160822 104655 1 104291 0
20160822 105357 1 105077 0
20160822 106216 1 103893 0
20160822 103565 1 105643 0
20160822 104755 1 105554 0
20160822 105138 1 104571 0
20160822 104229 1 106043 0
20160822 104269 1 105449 0
20160822 104678 1 105023 0
20160822 105723 1 106210 0
20160822 105807 1 104655 0
20160822 105357 1 106216 0
20160822 104755 1 103565 0
20160822 105138 1 104229 0
20160822 104678 1 104269 0
20160822 105807 1 105723 0
20160822 105357 1 104755 0
20160822 105138 1 104678 0
20160822 105807 1 105357 0
20160822 105807 1 105138 0
20160829 104925 1 105668 0
20160829 106210 1 105031 0
20160829 105550 1 106216 0
20160829 104022 1 105373 0
20160829 104545 1 126207 0
20160829 104327 1 111442 0
20160829 124014 1 105041 0
20160829 106378 1 104755 0
20160829 104542 1 105819 0
20160829 105902 1 104898 0
20160829 105577 1 106075 0
20160829 104731 1 106415 0
20160829 106058 1 126203 0
20160829 104999 1 105732 0
20160829 104660 1 105671 0
20160829 105227 1 104297 0
20160829 104745 1 104797 0
20160829 104312 1 103565 0
20160829 105723 1 105064 0
20160829 105077 1 103898 0
20160829 106298 1 105062 0
20160829 103843 1 106105 0
20160829 105643 1 104548 0
20160829 105138 1 104198 0
20160829 104792 1 104180 0
20160829 105596 1 111456 0
20160829 104597 1 105916 0
20160829 104655 1 104534 0
20160829 105332 1 105583 0
20160829 104571 1 105487 0
20160829 105992 1 105173 0
20160829 105683 1 104460 0
20160829 106233 1 105357 0
20160829 105575 1 104291 0
20160829 105807 1 125802 0
20160829 104386 1 105023 0
20160829 105449 1 105539 0
20160829 105223 1 106043 0
20160829 104926 1 104559 0
20160829 103970 1 105238 0
20160829 106401 1 105379 0
20160829 104547 1 104252 0
20160829 105011 1 104471 0
20160829 106000 1 106071 0
20160829 100644 1 104978 0
20160829 105554 1 104330 0
20160829 105561 1 106045 0
20160829 104527 1 104269 0
20160829 105453 1 103794 0
20160829 111575 1 105341 0
20160829 103908 1 106328 0
20160829 103917 1 104259 0
20160829 103333 1 104229 0
20160829 105385 1 105526 0
20160829 104678 1 105430 0
20160829 111577 1 105676 0
20160829 103852 1 106432 0
20160829 105311 1 103607 0
20160829 104871 1 111581 0
20160829 105777 1 105438 0
20160829 104468 1 103285 0
20160829 103893 1 104122 0
20160829 104719 1 104338 0
20160829 104918 1 104586 0
20160829 104925 1 106210 0
20160829 104022 1 105550 0
20160829 104545 1 104327 0
20160829 106378 1 124014 0
20160829 104542 1 105902 0
20160829 104731 1 105577 0
20160829 106058 1 104999 0
20160829 105227 1 104660 0
20160829 104745 1 104312 0
20160829 105723 1 105077 0
20160829 106298 1 103843 0
20160829 105138 1 105643 0
20160829 104792 1 105596 0
20160829 104597 1 104655 0
20160829 104571 1 105332 0
20160829 105992 1 105683 0
20160829 106233 1 105575 0
20160829 105807 1 104386 0
20160829 105223 1 105449 0
20160829 103970 1 104926 0
20160829 106401 1 104547 0
20160829 105011 1 106000 0
20160829 105554 1 100644 0
20160829 104527 1 105561 0
20160829 105453 1 111575 0
20160829 103917 1 103908 0
20160829 103333 1 105385 0
20160829 111577 1 104678 0
20160829 105311 1 103852 0
20160829 105777 1 104871 0
20160829 103893 1 104468 0
20160829 104918 1 104719 0
20160829 104925 1 104022 0
20160829 106378 1 104545 0
20160829 104542 1 104731 0
20160829 106058 1 105227 0
20160829 104745 1 105723 0
20160829 106298 1 105138 0
20160829 104792 1 104597 0
20160829 104571 1 105992 0
20160829 106233 1 105807 0
20160829 105223 1 103970 0
20160829 105011 1 106401 0
20160829 104527 1 105554 0
20160829 105453 1 103917 0
20160829 103333 1 111577 0
20160829 105777 1 105311 0
20160829 104918 1 103893 0
20160829 104925 1 106378 0
20160829 104542 1 106058 0
20160829 106298 1 104745 0
20160829 104792 1 104571 0
20160829 105223 1 106233 0
20160829 104527 1 105011 0
20160829 105453 1 103333 0
20160829 104918 1 105777 0
20160829 104925 1 104542 0
20160829 104792 1 106298 0
20160829 104527 1 105223 0
20160829 105453 1 104918 0
20160829 104925 1 104792 0
20160829 104527 1 105453 0
20160829 104527 1 104925 0
20160916 104233 1 106138 0
20160916 125802 1 126143 0
20160916 125802 1 104233 0
20160916 106078 1 144813 0
20160916 106000 1 108748 0
20160916 105806 1 105827 0
20160916 105493 1 126689 0
20160916 123983 1 202219 0
20160916 105273 1 105467 0
20160916 126190 1 106175 0
20160916 106175 1 105273 0
20160916 126190 1 105334 0
20160916 105579 1 105738 0
20160916 134120 1 111181 0
20160916 105738 1 111181 0
20160916 134120 1 105579 0
20160916 106401 1 105413 0
20160916 106071 1 106075 0
20160916 105676 1 106329 0
20160916 104327 1 105064 0
20160916 106167 1 105064 0
20160916 104433 1 106426 0
20160916 105577 1 111797 0
20160916 133430 1 106426 0
20160916 104433 1 106174 0
20160916 103852 1 106368 0
20160916 103970 1 105031 0
20160916 104043 1 111576 0
20160916 103970 1 106368 0
20160916 105526 1 111794 0
20160916 104252 1 128034 0
20160916 111794 1 104252 0
20160916 105526 1 128034 0
20160916 106121 1 104660 0
20160916 106415 1 105011 0
20160916 106121 1 105085 0
20160916 106415 1 122471 0
20160916 105723 1 104873 0
20160916 105062 1 105539 0
20160916 105723 1 105062 0
20160916 104797 1 134472 0
20160916 105967 1 122109 0
20160916 104797 1 105967 0
20160916 134472 1 127300 0
20160916 104755 1 106432 0
20160916 105227 1 106298 0
20160916 105227 1 104755 0
20160916 106298 1 105775 0
20160916 105223 1 104918 0
20160916 105550 1 106378 0
20160916 104918 1 105550 0
20160916 104919 1 105554 0
20160919 105526 1 103990 0
20160919 105011 1 104312 0
20160919 103917 1 111460 0
20160919 105732 1 105438 0
20160919 104460 1 103908 0
20160919 103898 1 105373 0
20160919 104672 1 105332 0
20160919 104291 1 104471 0
20160919 104198 1 106000 0
20160919 104180 1 104547 0
20160919 105932 1 106296 0
20160919 105376 1 104597 0
20160919 105676 1 105526 0
20160919 103917 1 105011 0
20160919 106298 1 105732 0
20160919 103898 1 104460 0
20160919 104291 1 104672 0
20160919 104468 1 104198 0
20160919 104180 1 105932 0
20160919 106233 1 105376 0
20160919 105676 1 103917 0
20160919 106298 1 103898 0
20160919 104468 1 104291 0
20160919 106233 1 104180 0
20160919 106298 1 105676 0
20160919 106233 1 104468 0
20160919 106298 1 106233 0
20160919 104022 1 104386 0
20160919 106421 1 122330 0
20160919 100644 1 111575 0
20160919 105723 1 105539 0
20160919 103893 1 104999 0
20160919 105098 1 105077 0
20160919 105311 1 105430 0
20160919 126094 1 105062 0
20160919 105575 1 105173 0
20160919 104678 1 105671 0
20160919 105583 1 104269 0
20160919 104586 1 106043 0
20160919 104022 1 105683 0
20160919 100644 1 106421 0
20160919 104607 1 105723 0
20160919 103893 1 105098 0
20160919 105311 1 126094 0
20160919 105138 1 105575 0
20160919 104678 1 105583 0
20160919 104527 1 104586 0
20160919 100644 1 104022 0
20160919 104607 1 103893 0
20160919 105138 1 105311 0
20160919 104527 1 104678 0
20160919 100644 1 104607 0
20160919 104527 1 105138 0
20160919 100644 1 104527 0
20160926 104731 1 111442 0
20160926 104571 1 105807 0
20160926 104678 1 134770 0
20160926 104338 1 105655 0
20160926 105173 1 106045 0
20160926 111575 1 105311 0
20160926 103893 1 105357 0
20160926 106043 1 104330 0
20160926 105583 1 105643 0
20160926 105077 1 103582 0
20160926 104229 1 103285 0
20160926 105842 1 104505 0
20160926 104731 1 106401 0
20160926 104678 1 104571 0
20160926 103852 1 104338 0
20160926 111575 1 105173 0
20160926 106043 1 103893 0
20160926 105777 1 105583 0
20160926 105077 1 104229 0
20160926 106233 1 105842 0
20160926 104678 1 104731 0
20160926 111575 1 103852 0
20160926 105777 1 106043 0
20160926 105077 1 106233 0
20160926 111575 1 104678 0
20160926 105077 1 105777 0
20160926 111575 1 105077 0
20160926 104291 1 103565 0
20160926 104386 1 105585 0
20160926 105332 1 105932 0
20160926 106225 1 104563 0
20160926 104999 1 104810 0
20160926 104926 1 104534 0
20160926 105341 1 106415 0
20160926 105064 1 105671 0
20160926 105992 1 104198 0
20160926 106210 1 104665 0
20160926 105438 1 117361 0
20160926 105062 1 104586 0
20160926 104291 1 105676 0
20160926 104386 1 105332 0
20160926 104755 1 106225 0
20160926 104999 1 104926 0
20160926 105064 1 105341 0
20160926 106071 1 105992 0
20160926 106210 1 105438 0
20160926 104607 1 105062 0
20160926 104386 1 104291 0
20160926 104755 1 104999 0
20160926 105064 1 106071 0
20160926 104607 1 106210 0
20160926 104755 1 104386 0
20160926 104607 1 105064 0
20160926 104607 1 104755 0
20161003 104745 1 103893 0
20161003 105173 1 105077 0
20161003 105777 1 105449 0
20161003 106298 1 104229 0
20161003 105683 1 104252 0
20161003 104291 1 105550 0
20161003 105807 1 106071 0
20161003 104755 1 105023 0
20161003 103970 1 104655 0
20161003 104926 1 104678 0
20161003 106058 1 105585 0
20161003 100644 1 106233 0
20161003 105138 1 105357 0
20161003 106378 1 104198 0
20161003 105723 1 104505 0
20161003 104918 1 104312 0
20161003 104745 1 105173 0
20161003 105777 1 106298 0
20161003 105683 1 104291 0
20161003 105807 1 104755 0
20161003 103970 1 104926 0
20161003 100644 1 106058 0
20161003 106378 1 105138 0
20161003 104918 1 105723 0
20161003 105777 1 104745 0
20161003 105683 1 105807 0
20161003 103970 1 100644 0
20161003 104918 1 106378 0
20161003 105777 1 105683 0
20161003 104918 1 103970 0
20161003 104918 1 105777 0
20161003 104792 1 105216 0
20161003 104468 1 104259 0
20161003 104386 1 106121 0
20161003 103333 1 105643 0
20161003 104180 1 104607 0
20161003 104571 1 104719 0
20161003 103285 1 103565 0
20161003 106401 1 105992 0
20161003 105902 1 103852 0
20161003 104338 1 126203 0
20161003 104269 1 104424 0
20161003 105227 1 105332 0
20161003 105676 1 106415 0
20161003 106210 1 104731 0
20161003 105311 1 105373 0
20161003 105453 1 105385 0
20161003 104792 1 104468 0
20161003 103333 1 104386 0
20161003 104180 1 104571 0
20161003 106401 1 103285 0
20161003 104338 1 105902 0
20161003 105227 1 104269 0
20161003 105676 1 106210 0
20161003 105311 1 105453 0
20161003 104792 1 103333 0
20161003 106401 1 104180 0
20161003 105227 1 104338 0
20161003 105676 1 105311 0
20161003 106401 1 104792 0
20161003 105676 1 105227 0
20161003 106401 1 105676 0
20161010 105449 1 105373 0
20161010 104597 1 104022 0
20161010 106298 1 104269 0
20161010 105676 1 105223 0
20161010 105332 1 105311 0
20161010 104731 1 104810 0
20161010 106378 1 105643 0
20161010 104468 1 105807 0
20161010 105842 1 104655 0
20161010 103852 1 103970 0
20161010 106058 1 105550 0
20161010 103893 1 104198 0
20161010 100644 1 104545 0
20161010 104386 1 104259 0
20161010 104542 1 104252 0
20161010 105138 1 106071 0
20161010 126203 1 103565 0
20161010 104678 1 104586 0
20161010 104719 1 105216 0
20161010 104999 1 105585 0
20161010 106401 1 105023 0
20161010 105777 1 104755 0
20161010 105577 1 103333 0
20161010 104926 1 105077 0
20161010 104918 1 105449 0
20161010 106298 1 104597 0
20161010 105676 1 105332 0
20161010 104792 1 104731 0
20161010 104527 1 106378 0
20161010 104468 1 105842 0
20161010 106058 1 103852 0
20161010 105683 1 103893 0
20161010 100644 1 105227 0
20161010 104542 1 104386 0
20161010 105138 1 126203 0
20161010 104678 1 104745 0
20161010 104719 1 104607 0
20161010 104999 1 106401 0
20161010 105577 1 105777 0
20161010 104925 1 104926 0
20161010 104918 1 106298 0
20161010 105676 1 104792 0
20161010 104468 1 104527 0
20161010 106058 1 105683 0
20161010 104542 1 100644 0
20161010 105138 1 104678 0
20161010 104999 1 104719 0
20161010 104925 1 105577 0
20161010 104918 1 105676 0
20161010 104468 1 106058 0
20161010 105138 1 104542 0
20161010 104925 1 104999 0
20161010 104918 1 104468 0
20161010 105138 1 104925 0
20161010 104918 1 105138 0
20161017 106378 1 105011 0
20161017 104898 1 103908 0
20161017 104312 1 105643 0
20161017 105438 1 103582 0
20161017 105526 1 104022 0
20161017 104468 1 120424 0
20161017 106043 1 103917 0
20161017 126203 1 106167 0
20161017 106075 1 104198 0
20161017 105657 1 105311 0
20161017 104327 1 105332 0
20161017 104252 1 103990 0
20161017 106378 1 103970 0
20161017 104312 1 104898 0
20161017 104755 1 105438 0
20161017 105526 1 104468 0
20161017 106043 1 126203 0
20161017 104655 1 106075 0
20161017 105657 1 104327 0
20161017 105676 1 104252 0
20161017 106378 1 104312 0
20161017 104755 1 105526 0
20161017 106043 1 104655 0
20161017 105676 1 105657 0
20161017 104755 1 106378 0
20161017 106043 1 105676 0
20161017 104755 1 106043 0
20161017 105539 1 106234 0
20161017 104926 1 105575 0
20161017 103893 1 105943 0
20161017 105583 1 104386 0
20161017 105064 1 117356 0
20161017 105723 1 105550 0
20161017 103565 1 104719 0
20161017 104586 1 105589 0
20161017 106421 1 105062 0
20161017 105807 1 103781 0
20161017 106000 1 111575 0
20161017 122330 1 104505 0
20161017 105077 1 105539 0
20161017 104926 1 103893 0
20161017 104259 1 105583 0
20161017 105064 1 105723 0
20161017 103565 1 104586 0
20161017 106421 1 104678 0
20161017 105807 1 106000 0
20161017 122330 1 105138 0
20161017 104926 1 105077 0
20161017 104259 1 105064 0
20161017 103565 1 106421 0
20161017 105807 1 122330 0
20161017 104926 1 104259 0
20161017 105807 1 103565 0
20161017 105807 1 104926 0
20161017 105132 1 103794 0
20161017 105992 1 106361 0
20161017 104731 1 104571 0
20161017 144707 1 104269 0
20161017 104597 1 105216 0
20161017 105223 1 104545 0
20161017 105430 1 105449 0
20161017 104735 1 111200 0
20161017 105173 1 105385 0
20161017 106058 1 104291 0
20161017 104460 1 104180 0
20161017 105671 1 104471 0
20161017 105777 1 105132 0
20161017 104731 1 105992 0
20161017 103333 1 144707 0
20161017 105223 1 104597 0
20161017 104735 1 105430 0
20161017 100644 1 105173 0
20161017 106058 1 104460 0
20161017 105671 1 104792 0
20161017 105777 1 104731 0
20161017 105223 1 103333 0
20161017 100644 1 104735 0
20161017 106058 1 105671 0
20161017 105223 1 105777 0
20161017 106058 1 100644 0
20161017 105223 1 106058 0
20161024 105575 1 105683 0
20161024 105643 1 105723 0
20161024 104252 1 105332 0
20161024 104180 1 105777 0
20161024 105453 1 105583 0
20161024 103893 1 103917 0
20161024 105223 1 104898 0
20161024 105676 1 104571 0
20161024 106058 1 105173 0
20161024 104719 1 105967 0
20161024 105807 1 104269 0
20161024 105227 1 104022 0
20161024 105550 1 104755 0
20161024 104999 1 126203 0
20161024 105385 1 105011 0
20161024 104527 1 103843 0
20161024 105643 1 105575 0
20161024 104180 1 104252 0
20161024 105453 1 103893 0
20161024 105223 1 105676 0
20161024 104719 1 106058 0
20161024 105227 1 105807 0
20161024 104999 1 105550 0
20161024 104527 1 105385 0
20161024 104180 1 105643 0
20161024 105453 1 105223 0
20161024 105227 1 104719 0
20161024 104999 1 104527 0
20161024 105453 1 104180 0
20161024 105227 1 104999 0
20161024 105227 1 105453 0
20161024 105932 1 104607 0
20161024 111575 1 104312 0
20161024 106000 1 104597 0
20161024 103333 1 105449 0
20161024 103781 1 105138 0
20161024 105077 1 104926 0
20161024 104259 1 103565 0
20161024 104542 1 103794 0
20161024 103970 1 106378 0
20161024 105311 1 104655 0
20161024 104678 1 104731 0
20161024 106233 1 105589 0
20161024 103852 1 106298 0
20161024 104545 1 105526 0
20161024 104468 1 104198 0
20161024 104918 1 105373 0
20161024 111575 1 105932 0
20161024 103333 1 106000 0
20161024 105077 1 103781 0
20161024 104542 1 104259 0
20161024 103970 1 105311 0
20161024 104678 1 106233 0
20161024 104545 1 103852 0
20161024 104918 1 104468 0
20161024 103333 1 111575 0
20161024 104542 1 105077 0
20161024 103970 1 104678 0
20161024 104918 1 104545 0
20161024 104542 1 103333 0
20161024 104918 1 103970 0
20161024 104918 1 104542 0
20161031 104269 1 104898 0
20161031 103852 1 105732 0
20161031 104468 1 103898 0
20161031 105311 1 104312 0
20161031 105807 1 104926 0
20161031 103893 1 105332 0
20161031 105077 1 103565 0
20161031 104678 1 105173 0
20161031 106058 1 104259 0
20161031 105449 1 105550 0
20161031 104545 1 104999 0
20161031 105526 1 105011 0
20161031 103917 1 105373 0
20161031 103333 1 105583 0
20161031 104571 1 103908 0
20161031 104180 1 104597 0
20161031 104918 1 104269 0
20161031 106298 1 103852 0
20161031 104468 1 105138 0
20161031 104607 1 105311 0
20161031 105683 1 105807 0
20161031 104655 1 103893 0
20161031 104542 1 105077 0
20161031 105453 1 104678 0
20161031 106058 1 106233 0
20161031 104755 1 105449 0
20161031 104545 1 103970 0
20161031 105526 1 104527 0
20161031 105676 1 103917 0
20161031 105227 1 103333 0
20161031 105777 1 104571 0
20161031 104925 1 104180 0
20161031 104918 1 106298 0
20161031 104607 1 104468 0
20161031 105683 1 104655 0
20161031 104542 1 105453 0
20161031 106058 1 104755 0
20161031 104545 1 105526 0
20161031 105227 1 105676 0
20161031 104925 1 105777 0
20161031 104918 1 104607 0
20161031 105683 1 104542 0
20161031 104545 1 106058 0
20161031 105227 1 104925 0
20161031 104918 1 105683 0
20161031 104545 1 105227 0
20161031 104918 1 104545 0
20161114 105683 1 104792 0
20161114 106233 1 104792 0
20161114 105683 1 106233 0
20161114 104925 1 106233 0
20161114 104925 1 105676 0
20161114 104925 1 105683 0
20161114 105227 1 105453 0
20161114 104527 1 105227 0
20161114 105453 1 104527 0
20161114 104918 1 105227 0
20161114 104918 1 105453 0
20161114 104918 1 104527 0
20161114 104925 1 105453 0
20161114 104918 1 105683 0
20161114 104918 1 104925 0
20161125 105227 1 105643 0
20161125 105223 1 103333 0
20161125 105223 1 105227 0
20161125 105643 1 103333 0
