289 2943
20150104 105357 1 105733 0
20150104 103813 1 106045 0
20150104 105902 1 104468 0
20150104 104871 1 104979 0
20150104 105373 1 103781 0
20150104 105238 1 104122 0
20150104 103997 1 104731 0
20150104 105032 1 103720 0
20150104 105062 1 105657 0
20150104 106423 1 103898 0
20150104 106071 1 105023 0
20150104 105449 1 104594 0
20150104 103819 1 105357 0
20150104 105902 1 103813 0
20150104 105777 1 104871 0
20150104 105373 1 105238 0
20150104 105032 1 103997 0
20150104 105683 1 105062 0
20150104 106071 1 106423 0
20150104 105453 1 105449 0
20150104 103819 1 105902 0
20150104 105777 1 105373 0
20150104 105683 1 105032 0
20150104 105453 1 106071 0
20150104 103819 1 105777 0
20150104 105683 1 105453 0
20150104 103819 1 105683 0
20150105 106432 1 104898 0
20150105 111200 1 104997 0
20150105 104180 1 104273 0
20150105 105575 1 104563 0
20150105 106210 1 104822 0
20150105 104890 1 104719 0
20150105 104229 1 104500 0
20150105 105807 1 105292 0
20150105 105376 1 104268 0
20150105 104198 1 105539 0
20150105 105147 1 106368 0
20150105 105379 1 105041 0
20150105 104527 1 106432 0
20150105 104180 1 111200 0
20150105 105676 1 105575 0
20150105 104890 1 106210 0
20150105 104229 1 105807 0
20150105 105138 1 105376 0
20150105 104198 1 105147 0
20150105 105379 1 103852 0
20150105 104527 1 104180 0
20150105 105676 1 104890 0
20150105 105138 1 104229 0
20150105 105379 1 104198 0
20150105 104527 1 105676 0
20150105 105379 1 105138 0
20150105 104527 1 105379 0
20150105 104925 1 105583 0
20150105 104660 1 106325 0
20150105 105932 1 104022 0
20150105 103333 1 104586 0
20150105 103970 1 105217 0
20150105 104269 1 104559 0
20150105 104460 1 103893 0
20150105 105526 1 104259 0
20150105 104755 1 104665 0
20150105 104620 1 103794 0
20150105 104882 1 104338 0
20150105 104607 1 104797 0
20150105 104312 1 104919 0
20150105 105154 1 104291 0
20150105 104471 1 105633 0
20150105 103582 1 104745 0
20150105 104925 1 104660 0
20150105 103333 1 105932 0
20150105 103970 1 104269 0
20150105 104460 1 105526 0
20150105 104755 1 104620 0
20150105 104607 1 104882 0
20150105 104312 1 105154 0
20150105 104471 1 103582 0
20150105 103333 1 104925 0
20150105 103970 1 104460 0
20150105 104607 1 104755 0
20150105 104312 1 104471 0
20150105 103970 1 103333 0
20150105 104607 1 104312 0
20150105 103970 1 104607 0
20150111 105223 1 104660 0
20150111 105062 1 104797 0
20150111 104655 1 104597 0
20150111 105577 1 104312 0
20150111 105668 1 106401 0
20150111 104919 1 103794 0
20150111 104871 1 105023 0
20150111 104180 1 105032 0
20150111 106071 1 104997 0
20150111 104678 1 105373 0
20150111 104665 1 103813 0
20150111 104620 1 104594 0
20150111 105223 1 104926 0
20150111 105062 1 104655 0
20150111 103898 1 105577 0
20150111 104919 1 105668 0
20150111 104180 1 104871 0
20150111 106071 1 104259 0
20150111 104678 1 104665 0
20150111 104620 1 105676 0
20150111 105062 1 105223 0
20150111 104919 1 103898 0
20150111 104180 1 106071 0
20150111 104678 1 104620 0
20150111 105062 1 104919 0
20150111 104678 1 104180 0
20150111 104678 1 105062 0
20150112 105030 1 105292 0
20150112 105077 1 103893 0
20150112 104229 1 104338 0
20150112 105173 1 105643 0
20150112 104268 1 104907 0
20150112 104932 1 105053 0
20150112 105449 1 105311 0
20150112 105807 1 106432 0
20150112 105526 1 106233 0
20150112 106043 1 104198 0
20150112 105385 1 104424 0
20150112 106210 1 105064 0
20150112 106298 1 105030 0
20150112 105077 1 104229 0
20150112 105173 1 105138 0
20150112 104268 1 104932 0
20150112 105449 1 105807 0
20150112 104731 1 105526 0
20150112 105385 1 106043 0
20150112 106210 1 105208 0
20150112 106298 1 105077 0
20150112 105173 1 104268 0
20150112 104731 1 105449 0
20150112 106210 1 105385 0
20150112 105173 1 106298 0
20150112 106210 1 104731 0
20150112 106210 1 105173 0
20150119 104925 1 105379 0
20150119 105723 1 105077 0
20150119 104424 1 111200 0
20150119 104269 1 104868 0
20150119 104545 1 104499 0
20150119 104890 1 106362 0
20150119 104180 1 105807 0
20150119 105138 1 106233 0
20150119 103852 1 106045 0
20150119 105173 1 105641 0
20150119 105668 1 105655 0
20150119 104792 1 106298 0
20150119 103794 1 103898 0
20150119 103720 1 105585 0
20150119 105385 1 105047 0
20150119 105683 1 105011 0
20150119 104527 1 104947 0
20150119 105657 1 104665 0
20150119 103813 1 104979 0
20150119 104897 1 104655 0
20150119 103893 1 105238 0
20150119 105577 1 105023 0
20150119 104198 1 105376 0
20150119 105292 1 104926 0
20150119 103970 1 105064 0
20150119 104660 1 105583 0
20150119 104719 1 103565 0
20150119 104468 1 104898 0
20150119 105053 1 103401 0
20150119 105449 1 106378 0
20150119 104471 1 105154 0
20150119 105453 1 104597 0
20150119 104607 1 104268 0
20150119 103781 1 103607 0
20150119 104678 1 106210 0
20150119 104919 1 105357 0
20150119 104259 1 103908 0
20150119 106071 1 104735 0
20150119 105032 1 105936 0
20150119 106423 1 105208 0
20150119 104731 1 106043 0
20150119 105575 1 104997 0
20150119 105902 1 104882 0
20150119 104755 1 104122 0
20150119 104586 1 104932 0
20150119 104534 1 105526 0
20150119 105065 1 106291 0
20150119 104745 1 104022 0
20150119 104918 1 106026 0
20150119 104594 1 104628 0
20150119 105311 1 111442 0
20150119 105373 1 105147 0
20150119 105676 1 103188 0
20150119 104571 1 104559 0
20150119 105041 1 104216 0
20150119 105777 1 104460 0
20150119 104273 1 103990 0
20150119 104291 1 105062 0
20150119 106401 1 105643 0
20150119 103333 1 105074 0
20150119 104871 1 106432 0
20150119 104312 1 104797 0
20150119 104620 1 104338 0
20150119 103819 1 104229 0
20150119 104925 1 105723 0
20150119 104269 1 104424 0
20150119 104545 1 104890 0
20150119 104180 1 105138 0
20150119 103852 1 105173 0
20150119 105668 1 104792 0
20150119 103794 1 103720 0
20150119 105683 1 105385 0
20150119 104527 1 105657 0
20150119 103813 1 104897 0
20150119 105577 1 103893 0
20150119 104198 1 105292 0
20150119 103970 1 104660 0
20150119 104468 1 104719 0
20150119 105449 1 105053 0
20150119 105453 1 104471 0
20150119 104607 1 103781 0
20150119 104678 1 104919 0
20150119 106071 1 104259 0
20150119 105032 1 106423 0
20150119 104731 1 105575 0
20150119 104755 1 105902 0
20150119 104534 1 104586 0
20150119 104745 1 105065 0
20150119 104918 1 104594 0
20150119 105311 1 105373 0
20150119 104571 1 105676 0
20150119 105777 1 105041 0
20150119 104291 1 104273 0
20150119 106401 1 103333 0
20150119 104312 1 104871 0
20150119 103819 1 104620 0
20150119 104925 1 104269 0
20150119 104180 1 104545 0
20150119 103852 1 105668 0
20150119 105683 1 103794 0
20150119 104527 1 103813 0
20150119 104198 1 105577 0
20150119 103970 1 104468 0
20150119 105453 1 105449 0
20150119 104607 1 104678 0
20150119 106071 1 105032 0
20150119 104731 1 104755 0
20150119 104745 1 104534 0
20150119 104918 1 105311 0
20150119 105777 1 104571 0
20150119 106401 1 104291 0
20150119 104312 1 103819 0
20150119 104925 1 104180 0
20150119 105683 1 103852 0
20150119 104527 1 104198 0
20150119 105453 1 103970 0
20150119 104607 1 106071 0
20150119 104745 1 104731 0
20150119 104918 1 105777 0
20150119 106401 1 104312 0
20150119 104925 1 105683 0
20150119 104527 1 105453 0
20150119 104607 1 104745 0
20150119 104918 1 106401 0
20150119 104925 1 104527 0
20150119 104918 1 104607 0
20150119 104925 1 104918 0
20150202 104932 1 104947 0
20150202 104327 1 105147 0
20150202 103813 1 105526 0
20150202 106298 1 104628 0
20150202 104534 1 105132 0
20150202 104797 1 104291 0
20150202 105311 1 106362 0
20150202 104735 1 104672 0
20150202 103908 1 106121 0
20150202 105668 1 104460 0
20150202 105332 1 105932 0
20150202 104273 1 104676 0
20150202 104792 1 104932 0
20150202 104327 1 103813 0
20150202 104755 1 106298 0
20150202 104797 1 104534 0
20150202 105311 1 104735 0
20150202 104259 1 103908 0
20150202 105668 1 105332 0
20150202 104468 1 104273 0
20150202 104792 1 104327 0
20150202 104755 1 104797 0
20150202 105311 1 104259 0
20150202 105668 1 104468 0
20150202 104755 1 104792 0
20150202 105668 1 105311 0
20150202 104755 1 105668 0
20150202 105292 1 105487 0
20150202 111797 1 105271 0
20150202 105583 1 104563 0
20150202 105589 1 104890 0
20150202 104268 1 105154 0
20150202 103893 1 104629 0
20150202 103607 1 104007 0
20150202 105952 1 105539 0
20150202 104593 1 105916 0
20150202 105064 1 104117 0
20150202 104547 1 105572 0
20150202 103656 1 106032 0
20150202 103852 1 105292 0
20150202 105583 1 111797 0
20150202 104269 1 105589 0
20150202 103893 1 104268 0
20150202 103607 1 105952 0
20150202 105373 1 104593 0
20150202 105064 1 104547 0
20150202 103656 1 105053 0
20150202 103852 1 105583 0
20150202 104269 1 103893 0
20150202 103607 1 105373 0
20150202 105064 1 103656 0
20150202 103852 1 104269 0
20150202 103607 1 105064 0
20150202 103607 1 103852 0
20150202 104571 1 105888 0
20150202 104660 1 106432 0
20150202 104022 1 104882 0
20150202 106000 1 103582 0
20150202 104424 1 104897 0
20150202 104678 1 105011 0
20150202 104312 1 104898 0
20150202 104868 1 105099 0
20150202 105575 1 105041 0
20150202 104719 1 103781 0
20150202 104471 1 106243 0
20150202 104997 1 104433 0
20150202 104571 1 103333 0
20150202 104022 1 104660 0
20150202 104198 1 106000 0
20150202 104678 1 104424 0
20150202 104312 1 104868 0
20150202 105575 1 104180 0
20150202 104719 1 104471 0
20150202 104997 1 105173 0
20150202 104571 1 104022 0
20150202 104198 1 104678 0
20150202 104312 1 105575 0
20150202 104719 1 104997 0
20150202 104198 1 104571 0
20150202 104312 1 104719 0
20150202 104198 1 104312 0
20150209 105992 1 104291 0
20150209 105572 1 105062 0
20150209 103333 1 105041 0
20150209 104471 1 104559 0
20150209 111577 1 111578 0
20150209 105023 1 103794 0
20150209 105385 1 105173 0
20150209 106045 1 106423 0
20150209 106071 1 104997 0
20150209 105449 1 105936 0
20150209 104460 1 104594 0
20150209 105032 1 104229 0
20150209 105453 1 105992 0
20150209 105572 1 103333 0
20150209 104545 1 104471 0
20150209 105023 1 111577 0
20150209 105385 1 106045 0
20150209 106071 1 105238 0
20150209 105449 1 104460 0
20150209 104731 1 105032 0
20150209 105453 1 105572 0
20150209 105023 1 104545 0
20150209 105385 1 106071 0
20150209 104731 1 105449 0
20150209 105453 1 105023 0
20150209 104731 1 105385 0
20150209 105453 1 104731 0
20150209 104918 1 103917 0
20150209 105577 1 104259 0
20150209 104871 1 103898 0
20150209 104468 1 105311 0
20150209 104607 1 104735 0
20150209 104312 1 104898 0
20150209 104792 1 104273 0
20150209 105138 1 100644 0
20150209 105777 1 103908 0
20150209 104180 1 105676 0
20150209 104198 1 104797 0
20150209 104527 1 104619 0
20150209 106233 1 105208 0
20150209 104660 1 104719 0
20150209 104620 1 104586 0
20150209 105683 1 105723 0
20150209 104918 1 105577 0
20150209 104468 1 104871 0
20150209 104607 1 104312 0
20150209 104792 1 105138 0
20150209 104180 1 105777 0
20150209 104527 1 104198 0
20150209 104660 1 106233 0
20150209 105683 1 104620 0
20150209 104468 1 104918 0
20150209 104607 1 104792 0
20150209 104527 1 104180 0
20150209 105683 1 104660 0
20150209 104607 1 104468 0
20150209 104527 1 105683 0
20150209 104527 1 104607 0
20150209 105217 1 104338 0
20150209 105583 1 104665 0
20150209 104269 1 104216 0
20150209 105077 1 106105 0
20150209 105154 1 105807 0
20150209 105373 1 105064 0
20150209 105053 1 106293 0
20150209 104122 1 105550 0
20150209 106043 1 103893 0
20150209 104655 1 106210 0
20150209 105487 1 105643 0
20150209 104597 1 105641 0
20150209 104563 1 105217 0
20150209 105583 1 104269 0
20150209 104919 1 105077 0
20150209 105154 1 105373 0
20150209 105053 1 104122 0
20150209 104926 1 106043 0
20150209 104655 1 105487 0
20150209 104597 1 103990 0
20150209 104563 1 105583 0
20150209 105154 1 104919 0
20150209 105053 1 104926 0
20150209 104655 1 104597 0
20150209 104563 1 105154 0
20150209 104655 1 105053 0
20150209 104655 1 104563 0
20150216 104731 1 105441 0
20150216 104229 1 105032 0
20150216 106045 1 105041 0
20150216 105173 1 105281 0
20150216 103333 1 104460 0
20150216 106423 1 105936 0
20150216 126094 1 104534 0
20150216 105449 1 105062 0
20150216 105292 1 105023 0
20150216 105385 1 104471 0
20150216 105065 1 111578 0
20150216 105238 1 104559 0
20150216 104678 1 103565 0
20150216 106071 1 104291 0
20150216 106415 1 104997 0
20150216 104594 1 104545 0
20150216 104229 1 104731 0
20150216 105173 1 106045 0
20150216 103333 1 106423 0
20150216 105449 1 126094 0
20150216 105385 1 105292 0
20150216 105238 1 105065 0
20150216 106071 1 104678 0
20150216 106415 1 104594 0
20150216 105173 1 104229 0
20150216 103333 1 105449 0
20150216 105385 1 105238 0
20150216 106071 1 106415 0
20150216 103333 1 105173 0
20150216 105385 1 106071 0
20150216 103333 1 105385 0
20150216 104620 1 104563 0
20150216 105723 1 104979 0
20150216 104792 1 100644 0
20150216 105577 1 104898 0
20150216 106233 1 105311 0
20150216 105676 1 105668 0
20150216 104468 1 105732 0
20150216 106432 1 104797 0
20150216 104871 1 104095 0
20150216 104660 1 104586 0
20150216 105526 1 103917 0
20150216 105332 1 103908 0
20150216 104620 1 105683 0
20150216 104792 1 105723 0
20150216 105138 1 105577 0
20150216 106233 1 105676 0
20150216 104468 1 106432 0
20150216 104871 1 105208 0
20150216 104660 1 105526 0
20150216 104527 1 105332 0
20150216 104792 1 104620 0
20150216 105138 1 106233 0
20150216 104468 1 104871 0
20150216 104660 1 104527 0
20150216 104792 1 105138 0
20150216 104468 1 104660 0
20150216 104468 1 104792 0
20150216 104745 1 105064 0
20150216 105807 1 104122 0
20150216 103656 1 104216 0
20150216 104655 1 104597 0
20150216 104926 1 106210 0
20150216 104665 1 103893 0
20150216 105643 1 106043 0
20150216 105373 1 105583 0
20150216 105641 1 104919 0
20150216 105154 1 106032 0
20150216 104890 1 105077 0
20150216 103990 1 111200 0
20150216 104338 1 105053 0
20150216 103813 1 106065 0
20150216 105217 1 106105 0
20150216 103970 1 104593 0
20150216 104745 1 105807 0
20150216 104655 1 103656 0
20150216 104926 1 104665 0
20150216 105643 1 105373 0
20150216 105154 1 105641 0
20150216 104890 1 103990 0
20150216 104338 1 103813 0
20150216 103970 1 105217 0
20150216 104745 1 104655 0
20150216 104926 1 105643 0
20150216 104890 1 105154 0
20150216 103970 1 104338 0
20150216 104926 1 104745 0
20150216 103970 1 104890 0
20150216 103970 1 104926 0
20150223 105453 1 105292 0
20150223 104229 1 103607 0
20150223 104890 1 104898 0
20150223 105238 1 105032 0
20150223 104731 1 104460 0
20150223 105449 1 104471 0
20150223 104678 1 104535 0
20150223 105053 1 105572 0
20150223 103333 1 104559 0
20150223 105583 1 106423 0
20150223 105992 1 105385 0
20150223 105777 1 105936 0
20150223 103794 1 104735 0
20150223 106071 1 105173 0
20150223 104594 1 104719 0
20150223 103970 1 104997 0
20150223 105453 1 104229 0
20150223 105238 1 104890 0
20150223 104731 1 105449 0
20150223 104678 1 105053 0
20150223 103333 1 105583 0
20150223 105992 1 105777 0
20150223 106071 1 103794 0
20150223 103970 1 104594 0
20150223 105453 1 105238 0
20150223 104731 1 104678 0
20150223 105992 1 103333 0
20150223 103970 1 106071 0
20150223 105453 1 104731 0
20150223 103970 1 105992 0
20150223 103970 1 105453 0
20150223 106032 1 103656 0
20150223 103893 1 105064 0
20150223 105643 1 105807 0
20150223 104122 1 106043 0
20150223 105487 1 106065 0
20150223 105641 1 106210 0
20150223 104919 1 103565 0
20150223 104338 1 104216 0
20150223 105819 1 105120 0
20150223 104597 1 104665 0
20150223 105077 1 104547 0
20150223 105952 1 103813 0
20150223 104745 1 106032 0
20150223 105643 1 103893 0
20150223 104122 1 104926 0
20150223 105641 1 105487 0
20150223 104338 1 104919 0
20150223 104655 1 105819 0
20150223 104597 1 105077 0
20150223 103990 1 105952 0
20150223 104745 1 105643 0
20150223 104122 1 105641 0
20150223 104338 1 104655 0
20150223 104597 1 103990 0
20150223 104745 1 104122 0
20150223 104338 1 104597 0
20150223 104745 1 104338 0
20150223 104925 1 105577 0
20150223 104979 1 104802 0
20150223 104947 1 100644 0
20150223 103852 1 104868 0
20150223 104607 1 104871 0
20150223 104620 1 106298 0
20150223 104660 1 104586 0
20150223 104797 1 105208 0
20150223 104571 1 105676 0
20150223 106432 1 104291 0
20150223 105311 1 104945 0
20150223 104918 1 104180 0
20150223 105138 1 106233 0
20150223 104755 1 104312 0
20150223 104269 1 104198 0
20150223 103819 1 104022 0
20150223 104925 1 104979 0
20150223 104947 1 103852 0
20150223 104607 1 104620 0
20150223 104660 1 104797 0
20150223 106432 1 104571 0
20150223 104918 1 105311 0
20150223 104755 1 105138 0
20150223 103819 1 104269 0
20150223 104925 1 104947 0
20150223 104607 1 104660 0
20150223 106432 1 104918 0
20150223 103819 1 104755 0
20150223 104925 1 104607 0
20150223 103819 1 106432 0
20150223 103819 1 104925 0
20150306 103607 1 108786 0
20150306 105985 1 105497 0
20150306 103607 1 105985 0
20150306 105497 1 104656 0
20150306 105842 1 104907 0
20150306 105030 1 105585 0
20150306 104907 1 104810 0
20150306 105030 1 105934 0
20150306 105575 1 103997 0
20150306 105668 1 105827 0
20150306 105668 1 105575 0
20150306 105827 1 111794 0
20150306 104494 1 106299 0
20150306 105657 1 104534 0
20150306 104494 1 122548 0
20150306 105657 1 106299 0
20150306 104233 1 105539 0
20150306 105723 1 104952 0
20150306 105723 1 104233 0
20150306 126094 1 104952 0
20150306 105373 1 104813 0
20150306 105613 1 105587 0
20150306 105373 1 105587 0
20150306 105041 1 105450 0
20150306 111200 1 103781 0
20150306 104890 1 105872 0
20150306 104890 1 111200 0
20150306 105589 1 105872 0
20150306 105790 1 103821 0
20150306 111202 1 106136 0
20150306 111202 1 103821 0
20150306 106136 1 106227 0
20150306 105292 1 104655 0
20150306 105053 1 105899 0
20150306 104655 1 105053 0
20150306 105292 1 105899 0
20150306 106426 1 105935 0
20150306 111797 1 122669 0
20150306 111797 1 121971 0
20150306 105070 1 122669 0
20150306 105430 1 121896 0
20150306 105916 1 104603 0
20150306 105916 1 105430 0
20150306 121896 1 145023 0
20150306 105464 1 105566 0
20150306 104909 1 103875 0
20150306 105812 1 105606 0
20150306 105177 1 105566 0
20150306 105299 1 105909 0
20150306 106078 1 105239 0
20150306 106078 1 105909 0
20150306 105299 1 105239 0
20150306 106342 1 105586 0
20150306 106220 1 111781 0
20150306 106220 1 106342 0
20150306 105586 1 144854 0
20150306 104180 1 108779 0
20150306 105182 1 111167 0
20150306 104180 1 105182 0
20150306 108780 1 107098 0
20150306 104535 1 105156 0
20150306 106198 1 105853 0
20150306 104535 1 106198 0
20150306 103813 1 106033 0
20150306 104112 1 106100 0
20150306 103813 1 104112 0
20150306 106033 1 105759 0
20150306 103529 1 121908 0
20150306 103600 1 103499 0
20150306 103600 1 120792 0
20150306 103499 1 126681 0
20150306 104591 1 104631 0
20150306 104604 1 134886 0
20150306 104600 1 134886 0
20150306 108717 1 108747 0
20150306 105311 1 104839 0
20150306 104349 1 104467 0
20150306 104467 1 106393 0
20150306 106249 1 105250 0
20150306 105656 1 108768 0
20150306 105541 1 108789 0
20150306 105656 1 105541 0
20150306 125571 1 108763 0
20150306 104229 1 108972 0
20150306 105490 1 108618 0
20150306 106237 1 145022 0
20150306 105490 1 108972 0
20150306 104695 1 117356 0
20150306 104947 1 120401 0
20150306 104947 1 104695 0
20150306 117356 1 105434 0
20150306 105961 1 145016 0
20150306 106175 1 109257 0
20150306 106175 1 121331 0
20150306 105334 1 109257 0
20150306 105806 1 105626 0
20150306 106000 1 111761 0
20150306 105493 1 105626 0
20150306 111761 1 123983 0
20150306 105154 1 104122 0
20150306 104919 1 105064 0
20150306 104919 1 105154 0
20150306 105643 1 105064 0
20150306 105967 1 105074 0
20150306 104327 1 103967 0
20150306 105967 1 104327 0
20150306 105676 1 104847 0
20150306 105683 1 105147 0
20150306 105453 1 105577 0
20150306 105453 1 105683 0
20150306 105577 1 104424 0
20150306 106423 1 104586 0
20150306 106071 1 106210 0
20150306 106071 1 104586 0
20150306 103902 1 105032 0
20150306 104918 1 105385 0
20150306 104868 1 104545 0
20150306 104918 1 104545 0
20150306 105385 1 104868 0
20150306 104468 1 105526 0
20150306 104792 1 104259 0
20150306 104259 1 104468 0
20150306 105526 1 103917 0
20150306 105062 1 104620 0
20150306 104312 1 104979 0
20150306 105062 1 104312 0
20150306 104873 1 104926 0
20150306 104925 1 106243 0
20150306 104678 1 106432 0
20150306 105936 1 105015 0
20150306 104678 1 106243 0
20150312 104571 1 106210 0
20150312 105077 1 104678 0
20150312 103781 1 106261 0
20150312 105643 1 105583 0
20150312 104338 1 104559 0
20150312 106423 1 105526 0
20150312 106432 1 104890 0
20150312 104471 1 105311 0
20150312 105577 1 105062 0
20150312 105065 1 103794 0
20150312 105173 1 104999 0
20150312 104593 1 105032 0
20150312 104273 1 104594 0
20150312 103813 1 105217 0
20150312 105902 1 106233 0
20150312 105992 1 103888 0
20150312 104620 1 105064 0
20150312 105238 1 104433 0
20150312 104979 1 104460 0
20150312 106401 1 106045 0
20150312 104291 1 105147 0
20150312 103582 1 103607 0
20150312 105385 1 105807 0
20150312 104997 1 105936 0
20150312 104898 1 106109 0
20150312 105373 1 104665 0
20150312 105449 1 104719 0
20150312 104660 1 105023 0
20150312 104797 1 105572 0
20150312 106058 1 104229 0
20150312 103812 1 104022 0
20150312 106043 1 105668 0
20150312 104925 1 104571 0
20150312 105077 1 103898 0
20150312 104545 1 103781 0
20150312 104731 1 105643 0
20150312 104338 1 105227 0
20150312 106423 1 104198 0
20150312 106071 1 106432 0
20150312 103970 1 104471 0
20150312 104918 1 105577 0
20150312 104259 1 105065 0
20150312 105173 1 104926 0
20150312 105208 1 104593 0
20150312 103852 1 104273 0
20150312 104655 1 103813 0
20150312 104269 1 105902 0
20150312 105453 1 105992 0
20150312 105683 1 104620 0
20150312 105238 1 105053 0
20150312 103990 1 104979 0
20150312 105777 1 106401 0
20150312 104468 1 104291 0
20150312 103582 1 104755 0
20150312 105385 1 104871 0
20150312 104745 1 104997 0
20150312 104898 1 104527 0
20150312 104586 1 105373 0
20150312 105449 1 103333 0
20150312 104607 1 104660 0
20150312 105138 1 104797 0
20150312 106058 1 104180 0
20150312 104312 1 103812 0
20150312 103819 1 106043 0
20150312 104925 1 105077 0
20150312 104545 1 104731 0
20150312 106423 1 104338 0
20150312 106071 1 103970 0
20150312 104918 1 104259 0
20150312 105173 1 105208 0
20150312 103852 1 104655 0
20150312 105453 1 104269 0
20150312 105683 1 105238 0
20150312 103990 1 105777 0
20150312 104468 1 103582 0
20150312 104745 1 105385 0
20150312 104586 1 104898 0
20150312 104607 1 105449 0
20150312 106058 1 105138 0
20150312 103819 1 104312 0
20150312 104925 1 104545 0
20150312 106071 1 106423 0
20150312 104918 1 105173 0
20150312 103852 1 105453 0
20150312 105683 1 103990 0
20150312 104745 1 104468 0
20150312 104607 1 104586 0
20150312 103819 1 106058 0
20150312 104925 1 106071 0
20150312 104918 1 103852 0
20150312 105683 1 104745 0
20150312 103819 1 104607 0
20150312 104925 1 104918 0
20150312 103819 1 105683 0
20150312 104925 1 103819 0
20150325 105373 1 103893 0
20150325 104327 1 104291 0
20150325 105064 1 103720 0
20150325 105238 1 105575 0
20150325 105062 1 105449 0
20150325 104268 1 103582 0
20150325 100644 1 105032 0
20150325 105643 1 106210 0
20150325 104022 1 104979 0
20150325 104620 1 104571 0
20150325 106432 1 104890 0
20150325 105668 1 104273 0
20150325 105577 1 105223 0
20150325 126094 1 105807 0
20150325 103781 1 105992 0
20150325 104559 1 104665 0
20150325 104122 1 106423 0
20150325 105077 1 105311 0
20150325 106058 1 104424 0
20150325 106233 1 106043 0
20150325 105023 1 103607 0
20150325 103813 1 104594 0
20150325 104898 1 106378 0
20150325 105385 1 104229 0
20150325 111202 1 104719 0
20150325 105572 1 104797 0
20150325 105936 1 105583 0
20150325 105065 1 104629 0
20150325 104338 1 105074 0
20150325 105526 1 103794 0
20150325 105902 1 106000 0
20150325 104597 1 104660 0
20150325 104925 1 105373 0
20150325 104327 1 104180 0
20150325 105064 1 104655 0
20150325 105238 1 103990 0
20150325 104468 1 105062 0
20150325 104268 1 103333 0
20150325 104586 1 100644 0
20150325 103970 1 105643 0
20150325 105453 1 104022 0
20150325 104678 1 104620 0
20150325 105676 1 106432 0
20150325 105668 1 105138 0
20150325 105777 1 105577 0
20150325 104545 1 126094 0
20150325 104871 1 103781 0
20150325 105683 1 104559 0
20150325 104527 1 104122 0
20150325 105173 1 105077 0
20150325 106058 1 104926 0
20150325 106233 1 103852 0
20150325 104731 1 105023 0
20150325 104919 1 103813 0
20150325 105053 1 104898 0
20150325 104918 1 105385 0
20150325 104607 1 111202 0
20150325 106071 1 105572 0
20150325 104792 1 105936 0
20150325 104542 1 105065 0
20150325 104338 1 105208 0
20150325 104198 1 105526 0
20150325 104269 1 105902 0
20150325 104745 1 104597 0
20150325 104925 1 104327 0
20150325 105238 1 105064 0
20150325 104468 1 104268 0
20150325 103970 1 104586 0
20150325 105453 1 104678 0
20150325 105676 1 105668 0
20150325 104545 1 105777 0
20150325 105683 1 104871 0
20150325 105173 1 104527 0
20150325 106233 1 106058 0
20150325 104731 1 104919 0
20150325 104918 1 105053 0
20150325 104607 1 106071 0
20150325 104792 1 104542 0
20150325 104338 1 104198 0
20150325 104269 1 104745 0
20150325 104925 1 105238 0
20150325 103970 1 104468 0
20150325 105453 1 105676 0
20150325 104545 1 105683 0
20150325 106233 1 105173 0
20150325 104918 1 104731 0
20150325 104607 1 104792 0
20150325 104338 1 104269 0
20150325 104925 1 103970 0
20150325 104545 1 105453 0
20150325 104918 1 106233 0
20150325 104607 1 104338 0
20150325 104925 1 104545 0
20150325 104918 1 104607 0
20150325 104925 1 104918 0
20150406 104467 1 104898 0
20150406 104593 1 104291 0
20150406 105062 1 105077 0
20150406 104022 1 104839 0
20150406 105379 1 104216 0
20150406 105963 1 106043 0
20150406 104890 1 105526 0
20150406 104665 1 104735 0
20150406 106000 1 103908 0
20150406 104122 1 105807 0
20150406 104597 1 106121 0
20150406 104460 1 105723 0
20150406 104467 1 104198 0
20150406 104593 1 105062 0
20150406 106210 1 104022 0
20150406 105379 1 105963 0
20150406 104890 1 104665 0
20150406 106000 1 104719 0
20150406 104597 1 104122 0
20150406 105373 1 104460 0
20150406 104593 1 104467 0
20150406 106210 1 105379 0
20150406 106000 1 104890 0
20150406 105373 1 104597 0
20150406 104593 1 106210 0
20150406 105373 1 106000 0
20150406 105373 1 104593 0
20150406 105032 1 103607 0
20150406 105449 1 105385 0
20150406 105023 1 104594 0
20150406 104559 1 105065 0
20150406 111202 1 106032 0
20150406 104269 1 103893 0
20150406 104871 1 105583 0
20150406 104424 1 103720 0
20150406 105643 1 105575 0
20150406 105053 1 104297 0
20150406 104386 1 106105 0
20150406 106058 1 105154 0
20150406 103852 1 105032 0
20150406 105023 1 105449 0
20150406 104559 1 104545 0
20150406 104269 1 111202 0
20150406 104871 1 104424 0
20150406 104731 1 105643 0
20150406 105053 1 104386 0
20150406 106058 1 105138 0
20150406 105023 1 103852 0
20150406 104269 1 104559 0
20150406 104731 1 104871 0
20150406 106058 1 105053 0
20150406 105023 1 104269 0
20150406 106058 1 104731 0
20150406 106058 1 105023 0
20150412 105077 1 104898 0
20150412 106071 1 104586 0
20150412 104890 1 105208 0
20150412 104542 1 105526 0
20150412 105676 1 105613 0
20150412 104252 1 104022 0
20150412 106298 1 106233 0
20150412 104678 1 105373 0
20150412 104545 1 105449 0
20150412 104468 1 104112 0
20150412 105332 1 106045 0
20150412 103607 1 104620 0
20150412 104660 1 105807 0
20150412 104259 1 105062 0
20150412 105138 1 103794 0
20150412 103990 1 104312 0
20150412 104719 1 105173 0
20150412 105311 1 104273 0
20150412 104338 1 106210 0
20150412 104926 1 105668 0
20150412 105777 1 104269 0
20150412 104792 1 105723 0
20150412 105238 1 106432 0
20150412 104871 1 106043 0
20150412 104925 1 105077 0
20150412 104890 1 106071 0
20150412 104542 1 105676 0
20150412 105227 1 104252 0
20150412 104745 1 106298 0
20150412 104545 1 104678 0
20150412 104468 1 105332 0
20150412 103970 1 103607 0
20150412 104607 1 104660 0
20150412 105138 1 104259 0
20150412 103990 1 104719 0
20150412 105683 1 105311 0
20150412 104527 1 104338 0
20150412 105777 1 104926 0
20150412 104792 1 105238 0
20150412 103819 1 104871 0
20150412 104925 1 104890 0
20150412 105227 1 104542 0
20150412 104745 1 104545 0
20150412 103970 1 104468 0
20150412 104607 1 105138 0
20150412 105683 1 103990 0
20150412 105777 1 104527 0
20150412 104792 1 103819 0
20150412 104925 1 105227 0
20150412 104745 1 103970 0
20150412 104607 1 105683 0
20150412 104792 1 105777 0
20150412 104925 1 104745 0
20150412 104607 1 104792 0
20150412 104925 1 104607 0
20150420 104559 1 105807 0
20150420 105311 1 104932 0
20150420 106148 1 105526 0
20150420 105064 1 105216 0
20150420 103607 1 106233 0
20150420 104338 1 105292 0
20150420 105062 1 105154 0
20150420 104719 1 104594 0
20150420 105332 1 144719 0
20150420 105723 1 105916 0
20150420 111200 1 105217 0
20150420 103656 1 105575 0
20150420 104947 1 104868 0
20150420 104665 1 105077 0
20150420 126094 1 104269 0
20150420 104597 1 103893 0
20150420 105453 1 104559 0
20150420 105053 1 105311 0
20150420 104655 1 106148 0
20150420 105138 1 105064 0
20150420 103607 1 105227 0
20150420 105373 1 104338 0
20150420 103990 1 105062 0
20150420 104719 1 104542 0
20150420 105332 1 105208 0
20150420 104259 1 105723 0
20150420 111200 1 106401 0
20150420 103970 1 103656 0
20150420 103852 1 104947 0
20150420 104665 1 104919 0
20150420 104926 1 126094 0
20150420 104745 1 104597 0
20150420 105453 1 105053 0
20150420 105138 1 104655 0
20150420 105373 1 103607 0
20150420 103990 1 104719 0
20150420 104259 1 105332 0
20150420 103970 1 111200 0
20150420 104665 1 103852 0
20150420 104926 1 104745 0
20150420 105453 1 105138 0
20150420 105373 1 103990 0
20150420 103970 1 104259 0
20150420 104665 1 104926 0
20150420 105453 1 105373 0
20150420 104665 1 103970 0
20150420 105453 1 104665 0
20150420 104386 1 105341 0
20150420 105254 1 104797 0
20150420 104593 1 104678 0
20150420 106432 1 104660 0
20150420 104291 1 104252 0
20150420 106210 1 106043 0
20150420 104198 1 105841 0
20150420 104571 1 104327 0
20150420 105583 1 105132 0
20150420 104620 1 104979 0
20150420 104890 1 104471 0
20150420 104022 1 105657 0
20150420 104468 1 104386 0
20150420 104593 1 105254 0
20150420 103333 1 106432 0
20150420 106210 1 104291 0
20150420 104198 1 104571 0
20150420 104586 1 105583 0
20150420 104620 1 104890 0
20150420 104792 1 104022 0
20150420 104593 1 104468 0
20150420 106210 1 103333 0
20150420 104198 1 104586 0
20150420 104792 1 104620 0
20150420 106210 1 104593 0
20150420 104198 1 104792 0
20150420 104198 1 106210 0
20150427 104898 1 105575 0
20150427 105936 1 105292 0
20150427 106401 1 105077 0
20150427 105807 1 106005 0
20150427 103656 1 104770 0
20150427 104180 1 106393 0
20150427 104755 1 104594 0
20150427 104932 1 105671 0
20150427 104597 1 103565 0
20150427 106432 1 104871 0
20150427 104349 1 105311 0
20150427 104198 1 106148 0
20150427 104898 1 103852 0
20150427 106401 1 105936 0
20150427 105807 1 110754 0
20150427 104180 1 103656 0
20150427 104755 1 104932 0
20150427 104597 1 104919 0
20150427 106432 1 104349 0
20150427 104198 1 104731 0
20150427 106401 1 104898 0
20150427 105807 1 104180 0
20150427 104755 1 104597 0
20150427 104198 1 106432 0
20150427 106401 1 105807 0
20150427 104755 1 104198 0
20150427 104755 1 106401 0
20150427 103813 1 104947 0
20150427 104593 1 117356 0
20150427 105062 1 104873 0
20150427 126094 1 106000 0
20150427 103781 1 104327 0
20150427 106043 1 104882 0
20150427 105064 1 104022 0
20150427 104797 1 105332 0
20150427 104559 1 105723 0
20150427 104471 1 104890 0
20150427 105583 1 106423 0
20150427 104979 1 105932 0
20150427 103819 1 103813 0
20150427 104593 1 105062 0
20150427 105053 1 126094 0
20150427 106043 1 103781 0
20150427 105064 1 104797 0
20150427 104655 1 104559 0
20150427 104471 1 105583 0
20150427 105777 1 104979 0
20150427 103819 1 104593 0
20150427 106043 1 105053 0
20150427 104655 1 105064 0
20150427 105777 1 104471 0
20150427 103819 1 106043 0
20150427 104655 1 105777 0
20150427 103819 1 104655 0
20150427 104999 1 105526 0
20150427 104660 1 104783 0
20150427 104586 1 104252 0
20150427 103285 1 104736 0
20150427 103607 1 104678 0
20150427 104386 1 106071 0
20150427 104259 1 106210 0
20150427 100644 1 103794 0
20150427 104620 1 104460 0
20150427 104926 1 105542 0
20150427 106233 1 105577 0
20150427 104665 1 105154 0
20150427 104918 1 104999 0
20150427 104586 1 104660 0
20150427 105138 1 103285 0
20150427 103607 1 104386 0
20150427 104259 1 100644 0
20150427 105676 1 104620 0
20150427 106233 1 104926 0
20150427 105589 1 104665 0
20150427 104918 1 104586 0
20150427 105138 1 103607 0
20150427 104259 1 105676 0
20150427 105589 1 106233 0
20150427 104918 1 105138 0
20150427 104259 1 105589 0
20150427 104918 1 104259 0
20150503 106401 1 104593 0
20150503 105064 1 104871 0
20150503 104545 1 105173 0
20150503 104542 1 104586 0
20150503 106058 1 104665 0
20150503 104755 1 103333 0
20150503 105449 1 105292 0
20150503 104563 1 106071 0
20150503 104620 1 104731 0
20150503 105777 1 105385 0
20150503 104926 1 105053 0
20150503 105311 1 105668 0
20150503 105077 1 104655 0
20150503 104269 1 104198 0
20150503 105227 1 106210 0
20150503 105138 1 105657 0
20150503 105023 1 106423 0
20150503 105676 1 105208 0
20150503 104338 1 104597 0
20150503 104919 1 104180 0
20150503 103852 1 103794 0
20150503 104792 1 104678 0
20150503 104719 1 105373 0
20150503 104259 1 104268 0
20150503 106401 1 103819 0
20150503 104545 1 105064 0
20150503 104542 1 106058 0
20150503 104607 1 104755 0
20150503 104745 1 105449 0
20150503 104620 1 104563 0
20150503 105777 1 104926 0
20150503 104527 1 105311 0
20150503 103970 1 105077 0
20150503 104269 1 105227 0
20150503 105138 1 105023 0
20150503 105453 1 105676 0
20150503 105683 1 104338 0
20150503 104919 1 103852 0
20150503 104719 1 104792 0
20150503 104918 1 104259 0
20150503 104545 1 106401 0
20150503 104607 1 104542 0
20150503 104745 1 104620 0
20150503 105777 1 104527 0
20150503 103970 1 104269 0
20150503 105453 1 105138 0
20150503 105683 1 104919 0
20150503 104918 1 104719 0
20150503 104607 1 104545 0
20150503 104745 1 105777 0
20150503 105453 1 103970 0
20150503 104918 1 105683 0
20150503 104745 1 104607 0
20150503 104918 1 105453 0
20150503 104918 1 104745 0
20150510 104597 1 104563 0
20150510 105064 1 106043 0
20150510 105138 1 104719 0
20150510 103852 1 106401 0
20150510 104678 1 106071 0
20150510 106210 1 105208 0
20150510 104871 1 104586 0
20150510 105676 1 105063 0
20150510 104542 1 105023 0
20150510 104198 1 105227 0
20150510 105238 1 105373 0
20150510 104755 1 105341 0
20150510 104338 1 105583 0
20150510 106233 1 104620 0
20150510 104468 1 106058 0
20150510 104545 1 105311 0
20150510 104919 1 105943 0
20150510 104947 1 105173 0
20150510 106390 1 105053 0
20150510 104926 1 105449 0
20150510 105777 1 105668 0
20150510 104731 1 104252 0
20150510 104259 1 105385 0
20150510 104655 1 103893 0
20150510 104925 1 104597 0
20150510 105064 1 105138 0
20150510 104678 1 103852 0
20150510 105453 1 106210 0
20150510 104918 1 104871 0
20150510 105676 1 104542 0
20150510 104198 1 105238 0
20150510 103970 1 104755 0
20150510 104527 1 104338 0
20150510 106233 1 104468 0
20150510 104545 1 104919 0
20150510 104745 1 104947 0
20150510 104607 1 106390 0
20150510 104926 1 105777 0
20150510 104731 1 104259 0
20150510 103819 1 104655 0
20150510 104925 1 105064 0
20150510 105453 1 104678 0
20150510 105676 1 104918 0
20150510 103970 1 104198 0
20150510 104527 1 106233 0
20150510 104745 1 104545 0
20150510 104607 1 104926 0
20150510 103819 1 104731 0
20150510 104925 1 105453 0
20150510 103970 1 105676 0
20150510 104527 1 104745 0
20150510 103819 1 104607 0
20150510 104925 1 103970 0
20150510 103819 1 104527 0
20150510 104925 1 103819 0
20150517 104586 1 104229 0
20150517 105643 1 104559 0
20150517 105723 1 104890 0
20150517 105173 1 104122 0
20150517 103781 1 106000 0
20150517 105311 1 105154 0
20150517 105064 1 104571 0
20150517 104797 1 104386 0
20150517 105077 1 104594 0
20150517 104022 1 105526 0
20150517 105053 1 105575 0
20150517 126094 1 103813 0
20150517 104527 1 104586 0
20150517 105643 1 105723 0
20150517 104665 1 105173 0
20150517 105311 1 103781 0
20150517 105064 1 104797 0
20150517 105077 1 103794 0
20150517 105053 1 104022 0
20150517 105227 1 126094 0
20150517 105643 1 104527 0
20150517 105311 1 104665 0
20150517 105064 1 105077 0
20150517 105053 1 105227 0
20150517 105311 1 105643 0
20150517 105064 1 105053 0
20150517 105064 1 105311 0
20150517 105902 1 126207 0
20150517 106432 1 105032 0
20150517 105917 1 106071 0
20150517 106298 1 105065 0
20150517 105023 1 105074 0
20150517 104338 1 105332 0
20150517 106401 1 105062 0
20150517 106233 1 103607 0
20150517 105238 1 104660 0
20150517 105583 1 106058 0
20150517 105807 1 111506 0
20150517 105449 1 105030 0
20150517 105902 1 111460 0
20150517 106432 1 105917 0
20150517 104919 1 106298 0
20150517 104338 1 105023 0
20150517 106233 1 106401 0
20150517 105208 1 105238 0
20150517 105583 1 105807 0
20150517 104545 1 105449 0
20150517 106432 1 105902 0
20150517 104919 1 104338 0
20150517 106233 1 105208 0
20150517 104545 1 105583 0
20150517 104919 1 106432 0
20150517 106233 1 104545 0
20150517 106233 1 104919 0
20150524 104925 1 103813 0
20150524 104180 1 103893 0
20150524 106423 1 105932 0
20150524 106071 1 104563 0
20150524 104755 1 105325 0
20150524 104122 1 105011 0
20150524 104229 1 104882 0
20150524 104731 1 105065 0
20150524 106058 1 105777 0
20150524 105807 1 103607 0
20150524 106432 1 105023 0
20150524 103990 1 104979 0
20150524 103781 1 105173 0
20150524 105723 1 104291 0
20150524 104597 1 105238 0
20150524 104745 1 111460 0
20150524 104918 1 106032 0
20150524 105311 1 105577 0
20150524 106378 1 103565 0
20150524 106401 1 104797 0
20150524 105676 1 105936 0
20150524 105053 1 105385 0
20150524 104871 1 103582 0
20150524 104545 1 104312 0
20150524 105227 1 104898 0
20150524 105063 1 105902 0
20150524 105668 1 111506 0
20150524 104919 1 106210 0
20150524 104678 1 105526 0
20150524 104620 1 104327 0
20150524 104593 1 105154 0
20150524 103970 1 105041 0
20150524 105453 1 103908 0
20150524 105064 1 104594 0
20150524 103794 1 105074 0
20150524 104269 1 106121 0
20150524 105138 1 104252 0
20150524 104586 1 111200 0
20150524 104338 1 105643 0
20150524 104559 1 103852 0
20150524 104542 1 105872 0
20150524 104534 1 105062 0
20150524 104665 1 105077 0
20150524 104259 1 104424 0
20150524 104926 1 105147 0
20150524 105332 1 105671 0
20150524 103285 1 104471 0
20150524 104607 1 106415 0
20150524 104527 1 104947 0
20150524 105583 1 104216 0
20150524 104660 1 105575 0
20150524 105449 1 104198 0
20150524 105208 1 104997 0
20150524 103917 1 106293 0
20150524 105373 1 126207 0
20150524 104468 1 106298 0
20150524 104792 1 104273 0
20150524 106043 1 104890 0
20150524 106233 1 105379 0
20150524 104655 1 105032 0
20150524 104571 1 103333 0
20150524 106000 1 104022 0
20150524 104719 1 104897 0
20150524 103819 1 104268 0
20150524 104925 1 104180 0
20150524 106423 1 106071 0
20150524 104755 1 104122 0
20150524 104731 1 104229 0
20150524 106058 1 105807 0
20150524 106432 1 103990 0
20150524 105723 1 103781 0
20150524 104745 1 104597 0
20150524 104918 1 105311 0
20150524 106401 1 106378 0
20150524 105676 1 105053 0
20150524 104871 1 104545 0
20150524 105227 1 105063 0
20150524 104919 1 105668 0
20150524 104620 1 104678 0
20150524 103970 1 104593 0
20150524 105453 1 105064 0
20150524 103794 1 104269 0
20150524 104586 1 105138 0
20150524 104559 1 104338 0
20150524 104542 1 104534 0
20150524 104665 1 104259 0
20150524 105332 1 104926 0
20150524 104607 1 103285 0
20150524 104527 1 105583 0
20150524 105449 1 104660 0
20150524 103917 1 105208 0
20150524 104468 1 105373 0
20150524 104792 1 106043 0
20150524 104655 1 106233 0
20150524 106000 1 104571 0
20150524 103819 1 104719 0
20150524 104925 1 106423 0
20150524 104755 1 104731 0
20150524 106058 1 106432 0
20150524 104745 1 105723 0
20150524 104918 1 106401 0
20150524 104871 1 105676 0
20150524 105227 1 104919 0
20150524 103970 1 104620 0
20150524 105453 1 103794 0
20150524 104559 1 104586 0
20150524 104542 1 104665 0
20150524 104607 1 105332 0
20150524 104527 1 105449 0
20150524 104468 1 103917 0
20150524 104792 1 104655 0
20150524 103819 1 106000 0
20150524 104925 1 104755 0
20150524 104745 1 106058 0
20150524 104918 1 104871 0
20150524 103970 1 105227 0
20150524 105453 1 104559 0
20150524 104542 1 104607 0
20150524 104527 1 104468 0
20150524 103819 1 104792 0
20150524 104925 1 104745 0
20150524 104918 1 103970 0
20150524 104542 1 105453 0
20150524 104527 1 103819 0
20150524 104925 1 104918 0
20150524 104527 1 104542 0
20150524 104527 1 104925 0
20150608 105147 1 105575 0
20150608 104898 1 104882 0
20150608 104269 1 104593 0
20150608 103917 1 103720 0
20150608 103843 1 105332 0
20150608 105173 1 104229 0
20150608 105577 1 104594 0
20150608 104180 1 104947 0
20150608 105657 1 103813 0
20150608 105311 1 104797 0
20150608 105011 1 104022 0
20150608 103781 1 104932 0
20150608 103333 1 105147 0
20150608 104898 1 104269 0
20150608 103917 1 105138 0
20150608 105173 1 103843 0
20150608 104180 1 105577 0
20150608 105657 1 104198 0
20150608 105011 1 105311 0
20150608 105676 1 103781 0
20150608 104898 1 103333 0
20150608 103917 1 105173 0
20150608 104180 1 105657 0
20150608 105676 1 105011 0
20150608 103917 1 104898 0
20150608 105676 1 104180 0
20150608 103917 1 105676 0
20150608 104571 1 104586 0
20150608 103163 1 105062 0
20150608 106071 1 105526 0
20150608 104890 1 109739 0
20150608 105668 1 104460 0
20150608 104259 1 105238 0
20150608 104678 1 106432 0
20150608 100644 1 106207 0
20150608 105032 1 104660 0
20150608 104999 1 106233 0
20150608 104312 1 103794 0
20150608 104897 1 105376 0
20150608 104745 1 104571 0
20150608 106071 1 103163 0
20150608 104792 1 104890 0
20150608 104259 1 105668 0
20150608 104678 1 100644 0
20150608 105032 1 103852 0
20150608 104999 1 104312 0
20150608 105227 1 104897 0
20150608 104745 1 106071 0
20150608 104792 1 104259 0
20150608 104678 1 105032 0
20150608 105227 1 104999 0
20150608 104745 1 104792 0
20150608 104678 1 105227 0
20150608 104745 1 104678 0
20150615 103819 1 104259 0
20150615 105208 1 104660 0
20150615 104252 1 105526 0
20150615 105449 1 106071 0
20150615 104607 1 103607 0
20150615 106432 1 105385 0
20150615 100644 1 103813 0
20150615 103333 1 105053 0
20150615 103990 1 105575 0
20150615 104312 1 103163 0
20150615 105062 1 106210 0
20150615 104792 1 104586 0
20150615 105668 1 104655 0
20150615 104268 1 105041 0
20150615 104460 1 104890 0
20150615 105453 1 106233 0
20150615 103819 1 105208 0
20150615 104252 1 105449 0
20150615 104607 1 106432 0
20150615 103333 1 100644 0
20150615 104312 1 103990 0
20150615 104792 1 105062 0
20150615 105668 1 104268 0
20150615 105453 1 104460 0
20150615 103819 1 104252 0
20150615 103333 1 104607 0
20150615 104312 1 104792 0
20150615 105453 1 105668 0
20150615 103819 1 103333 0
20150615 104312 1 105453 0
20150615 103819 1 104312 0
20150615 104918 1 104229 0
20150615 104269 1 105138 0
20150615 104180 1 104022 0
20150615 105777 1 105023 0
20150615 105227 1 105173 0
20150615 104678 1 103908 0
20150615 104545 1 111577 0
20150615 103852 1 105311 0
20150615 104468 1 105676 0
20150615 106423 1 104871 0
20150615 104755 1 104620 0
20150615 105683 1 104868 0
20150615 105238 1 104745 0
20150615 104198 1 104665 0
20150615 104731 1 103720 0
20150615 104527 1 106401 0
20150615 104918 1 104269 0
20150615 104180 1 105777 0
20150615 104678 1 105227 0
20150615 104545 1 103852 0
20150615 104468 1 106423 0
20150615 105683 1 104755 0
20150615 104198 1 105238 0
20150615 104731 1 104527 0
20150615 104918 1 104180 0
20150615 104678 1 104545 0
20150615 104468 1 105683 0
20150615 104731 1 104198 0
20150615 104918 1 104678 0
20150615 104731 1 104468 0
20150615 104918 1 104731 0
20150621 104571 1 103607 0
20150621 100644 1 105062 0
20150621 104620 1 104424 0
20150621 105379 1 106043 0
20150621 111202 1 105077 0
20150621 105065 1 104868 0
20150621 104797 1 104597 0
20150621 104660 1 105449 0
20150621 104291 1 106378 0
20150621 105238 1 105385 0
20150621 104229 1 105074 0
20150621 126203 1 105807 0
20150621 104534 1 104593 0
20150621 105053 1 104890 0
20150621 105032 1 104999 0
20150621 104719 1 105577 0
20150621 104571 1 103970 0
20150621 100644 1 105064 0
20150621 104620 1 105373 0
20150621 105173 1 105379 0
20150621 104919 1 111202 0
20150621 106210 1 105065 0
20150621 104797 1 104338 0
20150621 104660 1 104678 0
20150621 106233 1 104291 0
20150621 105238 1 104665 0
20150621 104229 1 104312 0
20150621 103852 1 126203 0
20150621 104655 1 104534 0
20150621 105023 1 105053 0
20150621 105311 1 105032 0
20150621 104468 1 104719 0
20150621 104571 1 100644 0
20150621 104620 1 105173 0
20150621 104919 1 106210 0
20150621 104797 1 104660 0
20150621 105238 1 106233 0
20150621 104229 1 103852 0
20150621 105023 1 104655 0
20150621 104468 1 105311 0
20150621 104571 1 104620 0
20150621 104797 1 104919 0
20150621 105238 1 104229 0
20150621 105023 1 104468 0
20150621 104797 1 104571 0
20150621 105023 1 105238 0
20150621 104797 1 105023 0
20150629 104925 1 104259 0
20150629 103813 1 103720 0
20150629 105732 1 111202 0
20150629 106071 1 105526 0
20150629 104919 1 106423 0
20150629 104719 1 104386 0
20150629 104947 1 105668 0
20150629 104731 1 106298 0
20150629 105227 1 105655 0
20150629 105575 1 104890 0
20150629 105051 1 105641 0
20150629 104545 1 104424 0
20150629 106045 1 104655 0
20150629 100644 1 104559 0
20150629 105053 1 105154 0
20150629 105453 1 104620 0
20150629 104527 1 105311 0
20150629 103607 1 103794 0
20150629 104269 1 105373 0
20150629 106233 1 104534 0
20150629 105357 1 103990 0
20150629 104571 1 105385 0
20150629 106281 1 104594 0
20150629 105676 1 104547 0
20150629 105777 1 105643 0
20150629 105449 1 105041 0
20150629 104932 1 105441 0
20150629 104755 1 106291 0
20150629 106401 1 106043 0
20150629 104338 1 104252 0
20150629 103163 1 105583 0
20150629 105683 1 104593 0
20150629 104868 1 104563 0
20150629 106210 1 103893 0
20150629 105577 1 104672 0
20150629 104926 1 105065 0
20150629 104678 1 104873 0
20150629 105379 1 103285 0
20150629 104460 1 104229 0
20150629 104745 1 105064 0
20150629 104542 1 104180 0
20150629 105077 1 104797 0
20150629 105238 1 106378 0
20150629 103333 1 111200 0
20150629 104312 1 105454 0
20150629 106432 1 104660 0
20150629 104898 1 104268 0
20150629 104918 1 105062 0
20150629 104607 1 104871 0
20150629 103917 1 105936 0
20150629 104586 1 105208 0
20150629 104665 1 104198 0
20150629 104792 1 105807 0
20150629 105173 1 103582 0
20150629 104882 1 105216 0
20150629 104468 1 104597 0
20150629 103852 1 104327 0
20150629 105932 1 105487 0
20150629 105332 1 104022 0
20150629 105138 1 105074 0
20150629 105032 1 106058 0
20150629 105902 1 104291 0
20150629 105023 1 104997 0
20150629 103819 1 106000 0
20150629 104925 1 103813 0
20150629 106071 1 105732 0
20150629 104919 1 104719 0
20150629 104731 1 104947 0
20150629 105227 1 105575 0
20150629 104545 1 105051 0
20150629 106045 1 100644 0
20150629 105053 1 105453 0
20150629 104527 1 103607 0
20150629 104269 1 106233 0
20150629 104571 1 105357 0
20150629 105676 1 106281 0
20150629 105777 1 105449 0
20150629 104755 1 104932 0
20150629 106401 1 104338 0
20150629 105683 1 103163 0
20150629 104868 1 106210 0
20150629 105577 1 104926 0
20150629 104678 1 105379 0
20150629 104460 1 104745 0
20150629 104542 1 105077 0
20150629 103333 1 105238 0
20150629 104312 1 106432 0
20150629 104918 1 104898 0
20150629 104607 1 103917 0
20150629 104665 1 104586 0
20150629 104792 1 105173 0
20150629 104468 1 104882 0
20150629 105932 1 103852 0
20150629 105138 1 105332 0
20150629 105032 1 105902 0
20150629 103819 1 105023 0
20150629 104925 1 106071 0
20150629 104731 1 104919 0
20150629 105227 1 104545 0
20150629 106045 1 105053 0
20150629 104527 1 104269 0
20150629 105676 1 104571 0
20150629 104755 1 105777 0
20150629 106401 1 105683 0
20150629 105577 1 104868 0
20150629 104678 1 104460 0
20150629 103333 1 104542 0
20150629 104918 1 104312 0
20150629 104607 1 104665 0
20150629 104468 1 104792 0
20150629 105138 1 105932 0
20150629 103819 1 105032 0
20150629 104925 1 104731 0
20150629 105227 1 106045 0
20150629 104527 1 105676 0
20150629 104755 1 106401 0
20150629 105577 1 104678 0
20150629 104918 1 103333 0
20150629 104468 1 104607 0
20150629 103819 1 105138 0
20150629 104925 1 105227 0
20150629 104755 1 104527 0
20150629 104918 1 105577 0
20150629 103819 1 104468 0
20150629 104925 1 104755 0
20150629 103819 1 104918 0
20150629 104925 1 103819 0
20150713 104330 1 104545 0
20150713 105216 1 105992 0
20150713 104273 1 104882 0
20150713 105173 1 103163 0
20150713 105441 1 106071 0
20150713 111577 1 105572 0
20150713 105147 1 111511 0
20150713 105449 1 103582 0
20150713 103401 1 105065 0
20150713 104268 1 104629 0
20150713 105041 1 104944 0
20150713 106058 1 103285 0
20150713 105023 1 105051 0
20150713 104460 1 104847 0
20150713 104291 1 105302 0
20150713 103333 1 105011 0
20150713 104330 1 105216 0
20150713 105173 1 104273 0
20150713 105441 1 111577 0
20150713 105147 1 105449 0
20150713 103401 1 104268 0
20150713 106058 1 105041 0
20150713 104460 1 105023 0
20150713 103333 1 104291 0
20150713 104330 1 105173 0
20150713 105441 1 105147 0
20150713 106058 1 103401 0
20150713 103333 1 104460 0
20150713 104330 1 105441 0
20150713 103333 1 106058 0
20150713 104330 1 103333 0
20150714 103499 1 105177 0
20150714 108766 1 105812 0
20150714 120792 1 105812 0
20150717 104534 1 106247 0
20150717 104804 1 104813 0
20150717 126473 1 127326 0
20150717 106247 1 104804 0
20150717 105217 1 106233 0
20150717 104890 1 104898 0
20150717 104898 1 106233 0
20150717 103594 1 104619 0
20150717 103607 1 105111 0
20150717 105271 1 105497 0
20150717 103607 1 105271 0
20150717 105877 1 106232 0
20150717 105030 1 104500 0
20150717 106026 1 104907 0
20150717 104500 1 105428 0
20150717 106026 1 105030 0
20150717 105238 1 105668 0
20150717 104308 1 104660 0
20150717 105668 1 104660 0
20150717 105657 1 105613 0
20150717 105373 1 104494 0
20150717 105373 1 105657 0
20150717 104494 1 105613 0
20150717 103990 1 126094 0
20150717 104665 1 111575 0
20150717 105539 1 103990 0
20150717 126094 1 104665 0
20150717 111202 1 104736 0
20150717 104797 1 111805 0
20150717 104797 1 111202 0
20150717 111805 1 106381 0
20150717 105566 1 104895 0
20150717 103600 1 105606 0
20150717 104895 1 103875 0
20150717 106342 1 108779 0
20150717 105182 1 108761 0
20150717 106342 1 105182 0
20150717 200272 1 111781 0
20150717 104839 1 104112 0
20150717 106033 1 104467 0
20150717 104112 1 104467 0
20150717 105156 1 105935 0
20150717 106198 1 122669 0
20150717 105935 1 106198 0
20150717 105273 1 123965 0
20150717 105541 1 109257 0
20150717 200274 1 121331 0
20150717 125571 1 145016 0
20150717 200274 1 109257 0
20150717 104695 1 104945 0
20150717 120401 1 105909 0
20150717 120401 1 104945 0
20150717 105434 1 105909 0
20150717 134886 1 134114 0
20150717 104631 1 200273 0
20150717 200273 1 134886 0
20150717 104631 1 133301 0
20150717 105626 1 145023 0
20150717 111761 1 132566 0
20150717 105626 1 122513 0
20150717 111761 1 200271 0
20150717 105820 1 106412 0
20150717 106426 1 105853 0
20150717 105820 1 105853 0
20150717 106426 1 126204 0
20150717 105916 1 105493 0
20150717 105806 1 105954 0
20150717 105916 1 105806 0
20150717 105954 1 105493 0
20150717 106220 1 111167 0
20150717 105777 1 107098 0
20150717 105004 1 111167 0
20150717 104910 1 200270 0
20150717 105311 1 105759 0
20150717 103813 1 104349 0
20150717 105311 1 103813 0
20150717 106393 1 106100 0
20150717 105490 1 106150 0
20150717 104229 1 104591 0
20150717 104229 1 104604 0
20150717 104947 1 106078 0
20150717 105299 1 117356 0
20150717 104947 1 105299 0
20150717 106078 1 117356 0
20150717 105656 1 105961 0
20150717 106175 1 104763 0
20150717 105656 1 106175 0
20150717 105961 1 104763 0
20150717 104919 1 105936 0
20150717 105643 1 104678 0
20150717 105583 1 106043 0
20150717 104122 1 105936 0
20150717 105062 1 106423 0
20150717 104873 1 106401 0
20150717 105032 1 105062 0
20150717 103720 1 104873 0
20150717 104327 1 104433 0
20150717 105676 1 106290 0
20150717 106293 1 104433 0
20150717 104327 1 106290 0
20150717 104468 1 104868 0
20150717 104918 1 104542 0
20150717 104918 1 104468 0
20150720 105332 1 105436 0
20150720 104797 1 106043 0
20150720 104597 1 104269 0
20150720 105643 1 104297 0
20150720 104327 1 104593 0
20150720 105668 1 105063 0
20150720 105064 1 111200 0
20150720 105872 1 105154 0
20150720 100644 1 104714 0
20150720 103908 1 104871 0
20150720 105208 1 104947 0
20150720 105077 1 104563 0
20150720 105332 1 105676 0
20150720 104797 1 104597 0
20150720 104655 1 105643 0
20150720 104327 1 105668 0
20150720 105064 1 105872 0
20150720 100644 1 104338 0
20150720 103908 1 105208 0
20150720 103990 1 105077 0
20150720 105332 1 104797 0
20150720 104655 1 104327 0
20150720 100644 1 105064 0
20150720 103990 1 103908 0
20150720 105332 1 104655 0
20150720 103990 1 100644 0
20150720 105332 1 103990 0
20150720 123755 1 105137 0
20150720 103285 1 104273 0
20150720 105032 1 105550 0
20150720 104330 1 104268 0
20150720 105512 1 105357 0
20150720 104291 1 105572 0
20150720 103582 1 104868 0
20150720 105269 1 105011 0
20150720 105216 1 104905 0
20150720 105826 1 104571 0
20150720 105147 1 105051 0
20150720 104629 1 105292 0
20150720 103333 1 123755 0
20150720 103285 1 105032 0
20150720 105173 1 104330 0
20150720 104291 1 105512 0
20150720 103582 1 105269 0
20150720 103607 1 105216 0
20150720 105147 1 105826 0
20150720 106071 1 104629 0
20150720 103333 1 103285 0
20150720 105173 1 104291 0
20150720 103582 1 103607 0
20150720 106071 1 105147 0
20150720 105173 1 103333 0
20150720 106071 1 103582 0
20150720 106071 1 105173 0
20150720 105542 1 104022 0
20150720 103893 1 105401 0
20150720 104259 1 105053 0
20150720 105583 1 111513 0
20150720 104890 1 105341 0
20150720 105373 1 105807 0
20150720 104926 1 106210 0
20150720 106000 1 104586 0
20150720 105311 1 105888 0
20150720 106432 1 104719 0
20150720 105379 1 106243 0
20150720 104882 1 126094 0
20150720 104792 1 105542 0
20150720 104259 1 103893 0
20150720 106233 1 105583 0
20150720 104890 1 105373 0
20150720 104926 1 106000 0
20150720 105311 1 104312 0
20150720 106432 1 105379 0
20150720 105138 1 104882 0
20150720 104792 1 104259 0
20150720 106233 1 104890 0
20150720 105311 1 104926 0
20150720 105138 1 106432 0
20150720 106233 1 104792 0
20150720 105311 1 105138 0
20150720 106233 1 105311 0
20150727 103285 1 111153 0
20150727 105575 1 105065 0
20150727 105449 1 105041 0
20150727 106045 1 105992 0
20150727 104534 1 103888 0
20150727 103794 1 103582 0
20150727 104180 1 105385 0
20150727 111577 1 104500 0
20150727 104424 1 105238 0
20150727 104571 1 105572 0
20150727 105032 1 126207 0
20150727 104229 1 104291 0
20150727 104545 1 103285 0
20150727 105575 1 105449 0
20150727 106045 1 106058 0
20150727 104534 1 103794 0
20150727 104180 1 111577 0
20150727 104424 1 105173 0
20150727 104571 1 105032 0
20150727 105577 1 104229 0
20150727 104545 1 105575 0
20150727 106045 1 104534 0
20150727 104180 1 104424 0
20150727 104571 1 105577 0
20150727 104545 1 106045 0
20150727 104571 1 104180 0
20150727 104545 1 104571 0
20150727 104547 1 126094 0
20150727 104797 1 105270 0
20150727 105311 1 105967 0
20150727 105583 1 123921 0
20150727 103565 1 105154 0
20150727 105064 1 106293 0
20150727 105807 1 104022 0
20150727 104898 1 104719 0
20150727 105643 1 103843 0
20150727 105053 1 103893 0
20150727 104947 1 105723 0
20150727 104714 1 104882 0
20150727 105676 1 104547 0
20150727 105311 1 104797 0
20150727 104665 1 105583 0
20150727 105064 1 103565 0
20150727 105807 1 104898 0
20150727 106233 1 105643 0
20150727 105053 1 104947 0
20150727 103852 1 104714 0
20150727 105676 1 105311 0
20150727 105064 1 104665 0
20150727 106233 1 105807 0
20150727 103852 1 105053 0
20150727 105676 1 105064 0
20150727 106233 1 103852 0
20150727 106233 1 105676 0
20150727 104745 1 104269 0
20150727 106210 1 104890 0
20150727 105668 1 106121 0
20150727 104655 1 106043 0
20150727 104312 1 105373 0
20150727 104252 1 103656 0
20150727 104620 1 104586 0
20150727 144719 1 104198 0
20150727 104926 1 104871 0
20150727 105077 1 104597 0
20150727 105379 1 104593 0
20150727 105138 1 106432 0
20150727 104338 1 105208 0
20150727 106298 1 105438 0
20150727 105332 1 104259 0
20150727 103990 1 100644 0
20150727 104745 1 106210 0
20150727 104655 1 105668 0
20150727 104312 1 104252 0
20150727 104620 1 144719 0
20150727 104926 1 105077 0
20150727 105379 1 105138 0
20150727 106298 1 104338 0
20150727 105332 1 103990 0
20150727 104745 1 104655 0
20150727 104312 1 104620 0
20150727 104926 1 105379 0
20150727 106298 1 105332 0
20150727 104745 1 104312 0
20150727 104926 1 106298 0
20150727 104745 1 104926 0
20150803 104890 1 105154 0
20150803 103656 1 105589 0
20150803 106043 1 105077 0
20150803 110602 1 105379 0
20150803 105053 1 104297 0
20150803 104259 1 105526 0
20150803 104898 1 104338 0
20150803 105643 1 105807 0
20150803 103908 1 104932 0
20150803 104597 1 106210 0
20150803 103781 1 104593 0
20150803 105583 1 104022 0
20150803 106233 1 104890 0
20150803 103656 1 106043 0
20150803 104926 1 110602 0
20150803 104259 1 105053 0
20150803 105643 1 104898 0
20150803 103908 1 105373 0
20150803 104597 1 103781 0
20150803 105583 1 104312 0
20150803 106233 1 103656 0
20150803 104259 1 104926 0
20150803 103908 1 105643 0
20150803 104597 1 105583 0
20150803 104259 1 106233 0
20150803 103908 1 104597 0
20150803 104259 1 103908 0
20150803 104559 1 103794 0
20150803 105575 1 104229 0
20150803 105385 1 103163 0
20150803 103607 1 111797 0
20150803 104180 1 104291 0
20150803 105074 1 104594 0
20150803 105449 1 105041 0
20150803 105550 1 104471 0
20150803 100644 1 106415 0
20150803 105238 1 105065 0
20150803 104424 1 105985 0
20150803 111202 1 104534 0
20150803 103720 1 105441 0
20150803 105032 1 105064 0
20150803 105641 1 106045 0
20150803 105902 1 105992 0
20150803 104559 1 104918 0
20150803 105575 1 104655 0
20150803 105577 1 105385 0
20150803 104545 1 103607 0
20150803 104755 1 104180 0
20150803 106058 1 105074 0
20150803 105449 1 106071 0
20150803 105777 1 105550 0
20150803 100644 1 104731 0
20150803 105238 1 103333 0
20150803 105023 1 104424 0
20150803 105227 1 111202 0
20150803 103852 1 103720 0
20150803 105032 1 104678 0
20150803 104919 1 105641 0
20150803 105453 1 105902 0
20150803 105575 1 104559 0
20150803 104545 1 105577 0
20150803 106058 1 104755 0
20150803 105449 1 105777 0
20150803 100644 1 105238 0
20150803 105227 1 105023 0
20150803 105032 1 103852 0
20150803 105453 1 104919 0
20150803 104545 1 105575 0
20150803 105449 1 106058 0
20150803 105227 1 100644 0
20150803 105453 1 105032 0
20150803 104545 1 105449 0
20150803 105453 1 105227 0
20150803 105453 1 104545 0
20150810 105064 1 104655 0
20150810 106058 1 105173 0
20150810 105777 1 105238 0
20150810 104586 1 104731 0
20150810 105208 1 106233 0
20150810 105385 1 106045 0
20150810 106401 1 104269 0
20150810 105577 1 104229 0
20150810 104545 1 103794 0
20150810 104871 1 103917 0
20150810 104919 1 111202 0
20150810 103333 1 105668 0
20150810 104660 1 106290 0
20150810 104022 1 104678 0
20150810 104468 1 104312 0
20150810 105676 1 105449 0
20150810 105023 1 105373 0
20150810 104665 1 104433 0
20150810 106071 1 105311 0
20150810 105138 1 104386 0
20150810 104542 1 106432 0
20150810 104792 1 104926 0
20150810 104180 1 105229 0
20150810 103990 1 103852 0
20150810 104925 1 105064 0
20150810 106058 1 105777 0
20150810 105208 1 104586 0
20150810 105385 1 104607 0
20150810 106401 1 104527 0
20150810 104545 1 105577 0
20150810 104871 1 104919 0
20150810 103333 1 105683 0
20150810 104745 1 104660 0
20150810 104022 1 104468 0
20150810 105676 1 105023 0
20150810 105453 1 104665 0
20150810 106071 1 105227 0
20150810 104542 1 105138 0
20150810 104180 1 104792 0
20150810 104918 1 103990 0
20150810 104925 1 106058 0
20150810 105208 1 105385 0
20150810 104545 1 106401 0
20150810 104871 1 103333 0
20150810 104745 1 104022 0
20150810 105453 1 105676 0
20150810 104542 1 106071 0
20150810 104918 1 104180 0
20150810 104925 1 105208 0
20150810 104871 1 104545 0
20150810 105453 1 104745 0
20150810 104918 1 104542 0
20150810 104925 1 104871 0
20150810 104918 1 105453 0
20150810 104918 1 104925 0
20150816 105332 1 104180 0
20150816 104269 1 104542 0
20150816 105676 1 104229 0
20150816 103333 1 104468 0
20150816 105373 1 106233 0
20150816 106432 1 100644 0
20150816 106071 1 104660 0
20150816 111577 1 103917 0
20150816 105668 1 104792 0
20150816 105023 1 104545 0
20150816 103990 1 104665 0
20150816 105064 1 106210 0
20150816 105311 1 104259 0
20150816 106423 1 104926 0
20150816 104755 1 106401 0
20150816 105777 1 104586 0
20150816 105577 1 106045 0
20150816 103888 1 104678 0
20150816 104871 1 104330 0
20150816 104312 1 105173 0
20150816 103852 1 105683 0
20150816 104731 1 104919 0
20150816 106058 1 106216 0
20150816 105138 1 104655 0
20150816 104925 1 105332 0
20150816 105676 1 104269 0
20150816 103333 1 105373 0
20150816 104527 1 106432 0
20150816 105238 1 106071 0
20150816 105668 1 111577 0
20150816 103990 1 105023 0
20150816 104607 1 105064 0
20150816 105227 1 105311 0
20150816 104755 1 106423 0
20150816 105777 1 105577 0
20150816 104918 1 103888 0
20150816 104745 1 104871 0
20150816 103852 1 104312 0
20150816 104731 1 106058 0
20150816 103819 1 105138 0
20150816 104925 1 105676 0
20150816 104527 1 103333 0
20150816 105238 1 105668 0
20150816 104607 1 103990 0
20150816 104755 1 105227 0
20150816 104918 1 105777 0
20150816 103852 1 104745 0
20150816 103819 1 104731 0
20150816 104925 1 104527 0
20150816 105238 1 104607 0
20150816 104918 1 104755 0
20150816 103819 1 103852 0
20150816 104925 1 105238 0
20150816 103819 1 104918 0
20150816 103819 1 104925 0
20150823 105379 1 106065 0
20150823 105732 1 104660 0
20150823 105807 1 103163 0
20150823 104620 1 105643 0
20150823 104797 1 105385 0
20150823 105032 1 111577 0
20150823 111202 1 104868 0
20150823 104229 1 104898 0
20150823 126207 1 105902 0
20150823 105373 1 104947 0
20150823 106423 1 105238 0
20150823 104291 1 105154 0
20150823 105053 1 104327 0
20150823 106043 1 104593 0
20150823 104586 1 105208 0
20150823 105062 1 103917 0
20150823 105379 1 104468 0
20150823 105732 1 104571 0
20150823 105807 1 105311 0
20150823 104620 1 105023 0
20150823 104542 1 104797 0
20150823 105449 1 105032 0
20150823 111202 1 105332 0
20150823 104229 1 104198 0
20150823 105064 1 126207 0
20150823 106210 1 105373 0
20150823 104559 1 106423 0
20150823 104291 1 104678 0
20150823 106432 1 105053 0
20150823 106043 1 104665 0
20150823 105668 1 104586 0
20150823 104731 1 105062 0
20150823 105732 1 105379 0
20150823 105807 1 104620 0
20150823 105449 1 104542 0
20150823 104229 1 111202 0
20150823 105064 1 106210 0
20150823 104291 1 104559 0
20150823 106432 1 106043 0
20150823 104731 1 105668 0
20150823 105732 1 105807 0
20150823 105449 1 104229 0
20150823 104291 1 105064 0
20150823 104731 1 106432 0
20150823 105732 1 105449 0
20150823 104731 1 104291 0
20150823 104731 1 105732 0
20150831 104925 1 105154 0
20150831 104890 1 105577 0
20150831 104559 1 104665 0
20150831 104312 1 126205 0
20150831 105138 1 105732 0
20150831 105807 1 105668 0
20150831 105575 1 105311 0
20150831 105676 1 104620 0
20150831 105683 1 105065 0
20150831 104269 1 103163 0
20150831 103888 1 106065 0
20150831 103852 1 105932 0
20150831 104926 1 105449 0
20150831 104655 1 104534 0
20150831 106043 1 111200 0
20150831 104745 1 106432 0
20150831 105332 1 105453 0
20150831 104947 1 103285 0
20150831 105032 1 105238 0
20150831 103990 1 103582 0
20150831 104542 1 103813 0
20150831 104719 1 105041 0
20150831 104660 1 105357 0
20150831 105011 1 104792 0
20150831 105227 1 105550 0
20150831 105539 1 106298 0
20150831 105062 1 104229 0
20150831 105777 1 105051 0
20150831 104871 1 126152 0
20150831 105373 1 104252 0
20150831 105936 1 105292 0
20150831 103970 1 105430 0
20150831 104527 1 105077 0
20150831 111202 1 105902 0
20150831 105074 1 104180 0
20150831 106058 1 103607 0
20150831 104678 1 126207 0
20150831 104330 1 105992 0
20150831 105379 1 105208 0
20150831 105385 1 104468 0
20150831 104731 1 126094 0
20150831 105572 1 105053 0
20150831 104797 1 103794 0
20150831 106233 1 104593 0
20150831 105064 1 104868 0
20150831 106415 1 103908 0
20150831 105173 1 104505 0
20150831 104918 1 106401 0
20150831 104607 1 106216 0
20150831 103781 1 106045 0
20150831 103917 1 105023 0
20150831 104198 1 104386 0
20150831 106071 1 106000 0
20150831 103720 1 104873 0
20150831 104898 1 104460 0
20150831 104755 1 106423 0
20150831 104545 1 104291 0
20150831 104022 1 105441 0
20150831 106210 1 103893 0
20150831 103333 1 105643 0
20150831 104259 1 100644 0
20150831 104586 1 111577 0
20150831 104327 1 104571 0
20150831 103819 1 104919 0
20150831 104925 1 104890 0
20150831 104312 1 104559 0
20150831 105138 1 105807 0
20150831 105676 1 105575 0
20150831 105683 1 104269 0
20150831 103852 1 103888 0
20150831 104926 1 104655 0
20150831 104745 1 106043 0
20150831 105332 1 104947 0
20150831 103990 1 105032 0
20150831 104542 1 104719 0
20150831 104660 1 105011 0
20150831 105227 1 105539 0
20150831 105062 1 105777 0
20150831 104871 1 105373 0
20150831 103970 1 105936 0
20150831 104527 1 111202 0
20150831 105074 1 106058 0
20150831 104678 1 104330 0
20150831 105385 1 105379 0
20150831 104731 1 105572 0
20150831 106233 1 104797 0
20150831 105064 1 106415 0
20150831 104918 1 105173 0
20150831 104607 1 103781 0
20150831 104198 1 103917 0
20150831 106071 1 103720 0
20150831 104755 1 104898 0
20150831 104545 1 104022 0
20150831 106210 1 103333 0
20150831 104259 1 104586 0
20150831 103819 1 104327 0
20150831 104925 1 104312 0
20150831 105138 1 105676 0
20150831 103852 1 105683 0
20150831 104926 1 104745 0
20150831 105332 1 103990 0
20150831 104542 1 104660 0
20150831 105227 1 105062 0
20150831 104871 1 103970 0
20150831 104527 1 105074 0
20150831 105385 1 104678 0
20150831 104731 1 106233 0
20150831 104918 1 105064 0
20150831 104607 1 104198 0
20150831 104755 1 106071 0
20150831 104545 1 106210 0
20150831 103819 1 104259 0
20150831 104925 1 105138 0
20150831 103852 1 104926 0
20150831 104542 1 105332 0
20150831 105227 1 104871 0
20150831 104527 1 105385 0
20150831 104731 1 104918 0
20150831 104755 1 104607 0
20150831 103819 1 104545 0
20150831 104925 1 103852 0
20150831 105227 1 104542 0
20150831 104527 1 104731 0
20150831 103819 1 104755 0
20150831 104925 1 105227 0
20150831 103819 1 104527 0
20150831 104925 1 103819 0
20150918 105985 1 105111 0
20150918 105877 1 104656 0
20150918 105985 1 105877 0
20150918 105271 1 108786 0
20150918 104745 1 111453 0
20150918 103970 1 104233 0
20150918 105138 1 104233 0
20150918 103970 1 111453 0
20150918 105575 1 106169 0
20150918 105011 1 105827 0
20150918 105011 1 105575 0
20150918 122321 1 108748 0
20150918 105585 1 106136 0
20150918 105842 1 111181 0
20150918 105585 1 111181 0
20150918 104810 1 106136 0
20150918 105954 1 105004 0
20150918 105916 1 106220 0
20150918 105916 1 105586 0
20150918 106220 1 121896 0
20150918 106174 1 106175 0
20150918 105070 1 105467 0
20150918 105820 1 144799 0
20150918 106174 1 105467 0
20150918 103499 1 105490 0
20150918 104499 1 108766 0
20150918 106237 1 103499 0
20150918 103529 1 105490 0
20150918 106078 1 105311 0
20150918 105671 1 105590 0
20150918 105311 1 105590 0
20150918 106078 1 104349 0
20150918 105064 1 106243 0
20150918 106432 1 105154 0
20150918 106432 1 105064 0
20150918 105053 1 106121 0
20150918 105453 1 104268 0
20150918 105453 1 105053 0
20150918 106121 1 104268 0
20150918 103607 1 104460 0
20150918 104259 1 105497 0
20150918 104259 1 103607 0
20150918 103794 1 106232 0
20150918 104586 1 106026 0
20150918 104500 1 106210 0
20150918 106210 1 106026 0
20150918 105373 1 104308 0
20150918 105668 1 105613 0
20150918 105373 1 105668 0
20150918 104308 1 105613 0
20150918 104559 1 104620 0
20150918 104926 1 126094 0
20150918 104926 1 104559 0
20150918 103893 1 104505 0
20150918 104527 1 105217 0
20150918 103819 1 104619 0
20150918 103819 1 105217 0
20150918 105967 1 126646 0
20150918 104797 1 105449 0
20150918 106058 1 104736 0
20150918 106058 1 104797 0
20150918 105676 1 105643 0
20150918 104919 1 104327 0
20150918 105676 1 106043 0
20150918 104327 1 105643 0
20150918 104918 1 106423 0
20150918 106071 1 105554 0
20150918 104918 1 106071 0
20150918 106423 1 105554 0
20150921 104460 1 104330 0
20150921 103893 1 104327 0
20150921 104259 1 105357 0
20150921 104999 1 105807 0
20150921 103917 1 105643 0
20150921 105173 1 104672 0
20150921 105373 1 103908 0
20150921 105577 1 104873 0
20150921 105732 1 104660 0
20150921 104269 1 100644 0
20150921 104180 1 105379 0
20150921 104273 1 104932 0
20150921 104527 1 104460 0
20150921 104259 1 103893 0
20150921 104542 1 104999 0
20150921 103917 1 105173 0
20150921 105373 1 105577 0
20150921 104198 1 105732 0
20150921 104180 1 104269 0
20150921 104468 1 104273 0
20150921 104259 1 104527 0
20150921 104542 1 103917 0
20150921 105373 1 104198 0
20150921 104468 1 104180 0
20150921 104542 1 104259 0
20150921 104468 1 105373 0
20150921 104542 1 104468 0
20150921 104620 1 126094 0
20150921 104719 1 106423 0
20150921 105311 1 105430 0
20150921 104890 1 104593 0
20150921 103794 1 104979 0
20150921 104797 1 105062 0
20150921 105668 1 105332 0
20150921 106298 1 105575 0
20150921 104559 1 106138 0
20150921 103990 1 104022 0
20150921 104571 1 105208 0
20150921 105539 1 105098 0
20150921 104620 1 104607 0
20150921 105311 1 104719 0
20150921 106233 1 104890 0
20150921 104797 1 103794 0
20150921 106298 1 105668 0
20150921 105138 1 104559 0
20150921 103990 1 104571 0
20150921 105683 1 105539 0
20150921 105311 1 104620 0
20150921 106233 1 104797 0
20150921 105138 1 106298 0
20150921 105683 1 103990 0
20150921 105311 1 106233 0
20150921 105683 1 105138 0
20150921 105683 1 105311 0
20150928 103285 1 105216 0
20150928 105062 1 106368 0
20150928 105430 1 104678 0
20150928 105311 1 104308 0
20150928 103794 1 105032 0
20150928 104871 1 100644 0
20150928 106401 1 105053 0
20150928 105147 1 103813 0
20150928 105932 1 104873 0
20150928 105577 1 106034 0
20150928 104571 1 104597 0
20150928 104999 1 104330 0
20150928 103970 1 103285 0
20150928 105062 1 105430 0
20150928 105777 1 105311 0
20150928 103794 1 104871 0
20150928 106401 1 105147 0
20150928 103333 1 105932 0
20150928 105577 1 104571 0
20150928 103852 1 104999 0
20150928 103970 1 105062 0
20150928 103794 1 105777 0
20150928 106401 1 103333 0
20150928 103852 1 105577 0
20150928 103970 1 103794 0
20150928 103852 1 106401 0
20150928 103970 1 103852 0
20150928 105572 1 105902 0
20150928 111190 1 104424 0
20150928 106210 1 105585 0
20150928 105655 1 105575 0
20150928 104620 1 104890 0
20150928 103607 1 105051 0
20150928 105173 1 106298 0
20150928 105339 1 105026 0
20150928 104586 1 104797 0
20150928 105379 1 104022 0
20150928 111202 1 105842 0
20150928 105357 1 105208 0
20150928 104607 1 105572 0
20150928 106210 1 111190 0
20150928 103990 1 105655 0
20150928 104620 1 103607 0
20150928 105173 1 105339 0
20150928 104198 1 104586 0
20150928 111202 1 105379 0
20150928 105227 1 105357 0
20150928 104607 1 106210 0
20150928 103990 1 104620 0
20150928 104198 1 105173 0
20150928 105227 1 111202 0
20150928 104607 1 103990 0
20150928 104198 1 105227 0
20150928 104607 1 104198 0
20151005 104925 1 104620 0
20151005 105585 1 104797 0
20151005 105357 1 103990 0
20151005 104545 1 106233 0
20151005 103970 1 105064 0
20151005 104586 1 105379 0
20151005 104229 1 105173 0
20151005 104678 1 105683 0
20151005 104890 1 104542 0
20151005 106058 1 104559 0
20151005 105577 1 103607 0
20151005 104745 1 105842 0
20151005 105676 1 104312 0
20151005 104926 1 105373 0
20151005 103333 1 104198 0
20151005 104655 1 104607 0
20151005 104925 1 105585 0
20151005 104545 1 105357 0
20151005 103970 1 104586 0
20151005 104229 1 104678 0
20151005 106058 1 104890 0
20151005 104745 1 105577 0
20151005 104926 1 105676 0
20151005 104655 1 103333 0
20151005 104925 1 104545 0
20151005 103970 1 104229 0
20151005 104745 1 106058 0
20151005 104926 1 104655 0
20151005 104925 1 103970 0
20151005 104745 1 104926 0
20151005 104925 1 104745 0
20151005 104527 1 103285 0
20151005 105147 1 106415 0
20151005 105572 1 105051 0
20151005 105311 1 103852 0
20151005 104468 1 104022 0
20151005 106210 1 106034 0
20151005 104871 1 105032 0
20151005 104180 1 104731 0
20151005 105332 1 105777 0
20151005 104571 1 104269 0
20151005 106401 1 105077 0
20151005 105138 1 104755 0
20151005 105227 1 105385 0
20151005 105449 1 106071 0
20151005 105023 1 105238 0
20151005 105453 1 106432 0
20151005 104527 1 105147 0
20151005 105572 1 105311 0
20151005 104468 1 106210 0
20151005 104180 1 104871 0
20151005 105332 1 104571 0
20151005 106401 1 105138 0
20151005 105227 1 105449 0
20151005 105453 1 105023 0
20151005 104527 1 105572 0
20151005 104180 1 104468 0
20151005 105332 1 106401 0
20151005 105453 1 105227 0
20151005 104527 1 104180 0
20151005 105332 1 105453 0
20151005 104527 1 105332 0
20151011 105373 1 105585 0
20151011 106233 1 104229 0
20151011 103852 1 105723 0
20151011 104755 1 104180 0
20151011 105577 1 104620 0
20151011 106071 1 104269 0
20151011 105449 1 104312 0
20151011 105676 1 104424 0
20151011 104545 1 105173 0
20151011 104468 1 105932 0
20151011 104919 1 105339 0
20151011 106058 1 103997 0
20151011 103333 1 104871 0
20151011 105138 1 104198 0
20151011 105683 1 105064 0
20151011 105227 1 105842 0
20151011 106432 1 105238 0
20151011 104678 1 104655 0
20151011 106401 1 104890 0
20151011 104926 1 105311 0
20151011 104731 1 103163 0
20151011 104542 1 103990 0
20151011 103607 1 105385 0
20151011 105077 1 105023 0
20151011 104925 1 105373 0
20151011 103852 1 106233 0
20151011 104755 1 105577 0
20151011 106071 1 103970 0
20151011 104918 1 105449 0
20151011 104545 1 105676 0
20151011 104468 1 104919 0
20151011 104607 1 106058 0
20151011 104745 1 103333 0
20151011 105683 1 105138 0
20151011 105227 1 106432 0
20151011 104527 1 104678 0
20151011 105453 1 106401 0
20151011 104731 1 104926 0
20151011 104542 1 103607 0
20151011 105077 1 103819 0
20151011 104925 1 103852 0
20151011 106071 1 104755 0
20151011 104918 1 104545 0
20151011 104607 1 104468 0
20151011 104745 1 105683 0
20151011 104527 1 105227 0
20151011 104731 1 105453 0
20151011 104542 1 105077 0
20151011 104925 1 106071 0
20151011 104918 1 104607 0
20151011 104745 1 104527 0
20151011 104542 1 104731 0
20151011 104925 1 104918 0
20151011 104542 1 104745 0
20151011 104925 1 104542 0
20151019 104797 1 105379 0
20151019 105723 1 105430 0
20151019 105062 1 126094 0
20151019 104559 1 117356 0
20151019 105575 1 104291 0
20151019 105539 1 106432 0
20151019 104655 1 105137 0
20151019 104898 1 105583 0
20151019 106234 1 104022 0
20151019 104593 1 105311 0
20151019 106298 1 104620 0
20151019 104947 1 105147 0
20151019 105227 1 104797 0
20151019 105723 1 105062 0
20151019 104559 1 104678 0
20151019 105539 1 105575 0
20151019 104898 1 104655 0
20151019 104259 1 106234 0
20151019 106298 1 104593 0
20151019 105138 1 104947 0
20151019 105227 1 105723 0
20151019 105539 1 104559 0
20151019 104259 1 104898 0
20151019 105138 1 106298 0
20151019 105227 1 105539 0
20151019 105138 1 104259 0
20151019 105227 1 105138 0
20151019 100644 1 144707 0
20151019 104597 1 103813 0
20151019 105777 1 105936 0
20151019 104571 1 105023 0
20151019 105357 1 103794 0
20151019 104180 1 104999 0
20151019 106058 1 105807 0
20151019 104269 1 106045 0
20151019 104919 1 109739 0
20151019 104871 1 106423 0
20151019 105643 1 105302 0
20151019 104327 1 105173 0
20151019 104607 1 100644 0
20151019 105777 1 104597 0
20151019 104571 1 106071 0
20151019 104180 1 105357 0
20151019 106058 1 104269 0
20151019 104468 1 104919 0
20151019 104871 1 105643 0
20151019 104755 1 104327 0
20151019 104607 1 105777 0
20151019 104571 1 104180 0
20151019 106058 1 104468 0
20151019 104755 1 104871 0
20151019 104607 1 104571 0
20151019 106058 1 104755 0
20151019 104607 1 106058 0
20151019 103970 1 105077 0
20151019 104198 1 105053 0
20151019 103285 1 110602 0
20151019 104926 1 103908 0
20151019 104542 1 103163 0
20151019 104586 1 105216 0
20151019 103893 1 104330 0
20151019 104792 1 105064 0
20151019 103333 1 104312 0
20151019 104660 1 105526 0
20151019 105208 1 111192 0
20151019 104545 1 104932 0
20151019 105668 1 106233 0
20151019 105449 1 105238 0
20151019 106210 1 105589 0
20151019 104731 1 104890 0
20151019 103970 1 104198 0
20151019 104926 1 103285 0
20151019 104586 1 104542 0
20151019 104792 1 103893 0
20151019 103333 1 104660 0
20151019 105208 1 104545 0
20151019 105449 1 105668 0
20151019 104731 1 106210 0
20151019 103970 1 104926 0
20151019 104792 1 104586 0
20151019 105208 1 103333 0
20151019 105449 1 104731 0
20151019 103970 1 104792 0
20151019 105449 1 105208 0
20151019 103970 1 105449 0
20151026 103819 1 105062 0
20151026 104259 1 105668 0
20151026 105173 1 104678 0
20151026 105676 1 104312 0
20151026 104731 1 106432 0
20151026 105385 1 105967 0
20151026 106058 1 106045 0
20151026 104545 1 105208 0
20151026 105227 1 103843 0
20151026 104559 1 104919 0
20151026 105777 1 104660 0
20151026 104745 1 104586 0
20151026 104755 1 106210 0
20151026 106233 1 104898 0
20151026 105583 1 105238 0
20151026 103333 1 104527 0
20151026 103819 1 104259 0
20151026 105676 1 105173 0
20151026 105385 1 104731 0
20151026 106058 1 104545 0
20151026 105227 1 104559 0
20151026 104745 1 105777 0
20151026 104755 1 106233 0
20151026 103333 1 105583 0
20151026 103819 1 105676 0
20151026 106058 1 105385 0
20151026 104745 1 105227 0
20151026 104755 1 103333 0
20151026 103819 1 106058 0
20151026 104745 1 104755 0
20151026 103819 1 104745 0
20151026 104978 1 106401 0
20151026 105577 1 105053 0
20151026 105379 1 104871 0
20151026 104655 1 105807 0
20151026 105311 1 104180 0
20151026 105332 1 105613 0
20151026 105138 1 104597 0
20151026 126094 1 104719 0
20151026 104999 1 105064 0
20151026 104198 1 104269 0
20151026 106121 1 104308 0
20151026 105449 1 105373 0
20151026 104978 1 103656 0
20151026 105577 1 105379 0
20151026 104655 1 106071 0
20151026 105311 1 105332 0
20151026 105138 1 126094 0
20151026 104999 1 104926 0
20151026 104198 1 106121 0
20151026 105449 1 103852 0
20151026 105577 1 104978 0
20151026 105311 1 104655 0
20151026 105138 1 104999 0
20151026 105449 1 104198 0
20151026 105311 1 105577 0
20151026 105138 1 105449 0
20151026 105311 1 105138 0
20151030 124063 1 108786 0
20151030 105985 1 127570 0
20151030 105985 1 124063 0
20151030 200537 1 118591 0
20151102 105064 1 104559 0
20151102 105332 1 104792 0
20151102 105138 1 105732 0
20151102 104273 1 103333 0
20151102 106071 1 104926 0
20151102 104678 1 106058 0
20151102 106233 1 105173 0
20151102 104586 1 104198 0
20151102 105238 1 106210 0
20151102 105777 1 105807 0
20151102 105379 1 104719 0
20151102 104312 1 104655 0
20151102 104871 1 106298 0
20151102 104919 1 105373 0
20151102 105583 1 103917 0
20151102 106432 1 104269 0
20151102 104925 1 105064 0
20151102 104468 1 105332 0
20151102 104542 1 105138 0
20151102 104607 1 104273 0
20151102 104527 1 106071 0
20151102 104678 1 103852 0
20151102 104731 1 106233 0
20151102 104745 1 104586 0
20151102 103970 1 105238 0
20151102 105777 1 105227 0
20151102 104545 1 105379 0
20151102 103819 1 104312 0
20151102 105453 1 104871 0
20151102 104755 1 104919 0
20151102 105676 1 105583 0
20151102 104918 1 106432 0
20151102 104925 1 104468 0
20151102 104607 1 104542 0
20151102 104527 1 104678 0
20151102 104745 1 104731 0
20151102 103970 1 105777 0
20151102 104545 1 103819 0
20151102 104755 1 105453 0
20151102 104918 1 105676 0
20151102 104925 1 104607 0
20151102 104527 1 104745 0
20151102 103970 1 104545 0
20151102 104918 1 104755 0
20151102 104925 1 104527 0
20151102 104918 1 103970 0
20151102 104925 1 104918 0
20151115 104925 1 105453 0
20151115 103819 1 104607 0
20151115 104918 1 103970 0
20151115 104745 1 104527 0
20151115 105453 1 104607 0
20151115 103819 1 104925 0
20151115 104745 1 104918 0
20151115 104527 1 103970 0
20151115 103819 1 105453 0
20151115 104925 1 104607 0
20151115 104745 1 103970 0
20151115 104527 1 104918 0
20151115 103819 1 104527 0
20151115 104925 1 104745 0
20151115 104925 1 103819 0
20151127 105676 1 106378 0
20151127 104918 1 105074 0
20151127 104918 1 105676 0
